8.251241864045878671e+00
8.248262943829891114e+00
8.268069666549894947e+00
8.249346895594685591e+00
8.256373915650314643e+00
8.254819127789916777e+00
8.254268417994666152e+00
8.248051544136039581e+00
8.255824147318588047e+00
8.257615842286273988e+00
8.246289765474479339e+00
8.265768353750893027e+00
8.263017362186591441e+00
8.252783026262559218e+00
8.244097953861350803e+00
8.248449939892759986e+00
8.254070929550874069e+00
8.257676218436388993e+00
8.246301574677595170e+00
8.264258555956049079e+00
8.242353132066970289e+00
8.262746351476474516e+00
8.259725969818889624e+00
8.266381219193231544e+00
8.253130399183511656e+00
8.248711985177548556e+00
8.252972826414882945e+00
8.256537452368128527e+00
8.249874744225206058e+00
8.248439755529979323e+00
8.251875881015369174e+00
8.262068289589297621e+00
8.255048972676931385e+00
8.245672959578659089e+00
8.255305957103697523e+00
8.257370715758469260e+00
8.250473718845555027e+00
8.256531459651622384e+00
8.260836588125981095e+00
8.260695106822460332e+00
8.260772738719639463e+00
8.255590565271090142e+00
8.264426548750911650e+00
8.259293609875740572e+00
8.253080931610623949e+00
8.254236018428688482e+00
8.254712244441718028e+00
8.263663709850490591e+00
8.252540871644152176e+00
8.247356167438040231e+00
