8.410764928855453348e+00
8.052303552789780383e+00
8.319474161828548375e+00
8.318718540027045805e+00
8.703401095633960693e+00
7.651884952007279139e+00
7.248750228377835114e+00
8.702702997253403794e+00
7.840431580763247865e+00
7.823187044155950787e+00
7.518145728340426714e+00
8.756430262901478301e+00
7.433364463761055418e+00
7.383301261373166113e+00
7.564046638142626122e+00
7.350176435613027692e+00
8.220076501229005572e+00
7.794083461571434945e+00
7.877282812440745019e+00
7.665227273864840818e+00
8.596692602937539007e+00
7.987536472310750035e+00
7.571111419397879239e+00
8.016987402411503538e+00
8.039764242817511786e+00
8.742808917232292032e+00
8.050207909874222523e+00
8.123054524386283504e+00
8.775681674788254227e+00
7.964127010844977761e+00
7.948341868098774299e+00
7.723333889664532492e+00
7.885627053145316090e+00
7.688145565647663382e+00
7.707718341138199314e+00
8.390146965143978619e+00
8.131359158181055591e+00
7.332876774776165618e+00
8.101229429619980493e+00
8.422272947524271913e+00
7.817104986054941307e+00
8.094656501195650833e+00
8.143719608282093958e+00
7.886439537449223991e+00
8.626241331981491456e+00
8.009753720425221601e+00
7.780568495144962071e+00
7.515334351258490031e+00
8.509342874244984145e+00
7.701627647373642915e+00
7.432466776384020868e+00
8.058016805586159848e+00
8.030287293143873129e+00
8.531501839307304991e+00
8.033817506631457661e+00
7.919906443129653084e+00
8.396959833741982848e+00
8.052755104364790029e+00
7.377181276364562557e+00
8.371142074104987785e+00
