-1.112787651096084351e+00
-8.392704014558960424e-01
9.391361925220959028e-01
5.821395845607908459e-01
7.098771386558627716e-01
-9.338079374281561540e-01
8.787679756685101706e-01
3.257921171234487434e-01
2.072755455807279434e-01
8.411254327338396619e-01
-3.873290135767168962e-01
-1.310647042213230806e+00
5.007755189313465305e-01
-6.145983006611511756e-01
2.078773184361470683e-01
7.432316291479743597e-01
-1.185161543631139819e-01
-5.601932017530050212e-01
-1.178815164166147733e+00
-9.427255912724507025e-01
-1.508810777747204179e+00
1.432963219916375319e+00
-1.066554870586955639e+00
3.026666126050172601e-01
-9.904059871120000080e-01
-5.567688030792832254e-01
1.895809545036324595e+00
-1.289402784077727238e-01
-9.725620996364137127e-01
2.190747217245180956e+00
7.292344455941449644e-01
9.188821377878872987e-01
-1.352907560565335121e+00
2.338251157205450959e-02
2.495917840083445416e+00
-7.114521914582213613e-01
-2.056881286143251497e+00
2.908816845974450671e-01
-2.219197759311006823e-01
-1.793565431273518751e+00
-2.897843365880432565e-01
1.129498885607592928e+00
-5.950788493516898647e-01
7.538358981466199982e-01
-1.553272480291979729e+00
-1.996873002193212954e-01
-4.976135860022662949e-01
-5.159033296903789423e-02
6.581429905269156055e-01
4.389108667599361802e-01
