3.211581844813572451e-01
2.892454208509867009e-01
5.305127972529367630e-01
5.168908503870194293e-01
7.318254993623536375e-01
2.643499556447868881e-02
2.533707170202023629e-01
2.173610546190505866e-01
3.558509206956035342e-01
1.289466499478254757e+00
2.568598358794191849e-01
1.069961140836138691e-01
9.292711454061294285e-01
2.360729606843537387e-01
1.815207121212665531e-01
5.351045017598646258e-02
3.176179041410569504e-01
2.860279180073161953e-01
2.604261565413680257e-01
1.425298860888012387e-01
1.081726337243572311e-01
3.172504644534638318e-01
7.391426077720911758e-01
3.572893168323724167e-01
6.891507253667904509e-01
1.116553028608813364e-01
7.710117135411527212e-01
2.421074314490028259e-02
5.795804554710791701e-01
7.411880704699040923e-01
2.680423993195271137e-01
9.166424555137370200e-01
3.129058061508554478e-01
8.888120700825141718e-02
4.448108409078468384e-01
3.138247194124026973e-01
5.562391988285102506e-01
9.273330166738438241e-01
1.238946529789106132e-01
3.583691342500658905e-01
1.309972455278599845e+00
4.849241723850817865e-01
1.156036235473961726e-01
7.707456506802301544e-02
1.977164711789322279e-02
1.981013166214051324e+00
3.286435438149573063e-01
9.098112526319479532e-01
2.519210439910836152e-01
5.527088873270544905e-02
