-1.401654172956655897e-01
-4.811214240645733664e-02
1.271700187423221995e-01
2.479672352374830413e-01
2.686932661560749724e-01
1.889536129280694476e-01
-5.231819926041525459e-02
2.715893918379712058e-01
3.651293170415093603e-01
-1.230315006989142479e-01
5.200262853805239782e-01
-1.082851668430360181e-01
3.186377681466008860e-01
2.853903539398451872e-01
5.383600987415964045e-01
5.343162864611037399e-01
4.257924935443516135e-01
4.597759137460959988e-01
1.251908806467224577e-01
3.168449496128747378e-01
-1.569820453421298667e-01
5.509608557108121030e-01
1.908747105068223093e-01
3.089206349755993508e-01
4.564542297113351466e-01
4.686032960167048622e-01
5.427868191433802281e-01
3.269164925965457047e-01
5.119486977774828640e-02
1.533151052245362855e-02
-2.251021371097804424e-01
4.198970600637840778e-01
2.722193010636598243e-01
2.719422742611005694e-01
5.342648699616490138e-01
3.041421992395965113e-02
5.757848584007791981e-01
-2.061509780032133865e-01
5.012795553647555469e-01
-2.731584021565288678e-01
3.015763791795505466e-01
1.130673776724122614e-01
4.967100141112086864e-01
1.535630114085961839e-02
1.632199346187614974e-01
-9.083192269727508039e-02
1.343221689373421679e-01
-1.522878760092578609e-01
4.138170028856910654e-01
1.478435248834434335e-01
