-1.050647321716950550e-01
-3.474538313495939817e-03
-1.651039247430960089e+00
-1.614544459387577402e-01
-1.607487642768223868e-01
-2.662013864663508381e-02
-3.110955281976583026e-02
-1.002869097552461897e+00
-1.114541167488798529e-01
-1.002344482012183374e-01
-3.395659897953752782e-01
-2.508279133580484238e-02
-1.267787589259452251e-02
-1.157523735042041535e+00
-5.365446422736088600e-02
-2.668150801922214085e-02
-8.490886271314897205e-02
-8.232777285490333607e-02
-5.117728203746425564e-01
-2.429088919272378577e-01
-1.382130875871337150e-01
-2.994683296763825942e-01
-2.407004360103809915e-01
-9.327653772721647418e-02
-4.598236726967745436e-01
-1.156387756437558950e-01
-4.965787516732509538e-02
-1.460601022056664255e-01
-6.844422478516583030e-01
-1.666049506881443154e+00
-4.882335569287633847e-02
-3.306507144032131973e-01
-2.357999831413489789e-01
-1.630495666201295770e-03
-2.896907361241875950e-02
-1.200131073850211200e-01
-3.435357884549591900e-01
-2.708838249276950827e-01
-4.418067786858841939e-01
-4.795706739835634003e-01
-7.812465254982584040e-02
-1.827087655484982143e-01
-2.918729279157349088e-02
-3.135337904289777211e-01
-1.248059926059330929e-02
-2.539381844790622456e-02
-1.631684244729227073e-01
-1.704190183107592849e-02
-1.846618694227087076e-01
-5.748737312479314243e-02
