1.140534076551886211e-01
9.522619315541155371e-01
-7.372067329596143637e-02
1.707386836834161870e-01
9.029826999146169930e-01
4.653029900359378357e-01
8.357267467522220272e-01
3.216553569893145226e-01
1.296661860307000147e-01
-1.520623829365468360e-01
1.160804445072316504e-01
8.631134203342072375e-01
2.869822218808047998e-01
1.355622217998802004e+00
1.578180438493011817e+00
2.607602595736595585e-01
6.735680391323811689e-01
-2.043606713673172814e-01
7.209201214850267103e-01
7.482135894991193137e-03
1.047764227341462795e-01
1.192833110755038062e+00
1.123065694627459088e+00
2.091982493751180505e-01
2.600896880343018802e-01
1.179301277978617724e-01
1.225247073520543850e+00
-4.101161671335856740e-02
2.557506181152275904e-01
1.008036121849844591e-01
5.061975936786284880e-01
-1.426488781675536721e-01
-4.512695153306365281e-01
3.006085112819955052e-01
4.400664096606714537e-01
1.486271100111061783e-01
8.260370641523007151e-01
5.839630483810929196e-01
1.744073204763556095e+00
6.410523514555902524e-01
2.401992221871002142e-02
-1.057186996442285309e-01
6.879611820880229267e-01
7.461123109466565317e-01
5.105293451080930023e-01
-9.586165659918260973e-02
-3.364758392982341029e-01
2.711160061664521503e-01
3.319146541798220218e-01
7.917122541819088255e-02
