-2.713938168972737097e-01
-6.979607737045945282e-01
-1.036247300954448169e-01
-1.043822616474361364e-01
-6.297095787866191507e-01
-6.903719336854690081e-01
-4.097327613622302467e-01
-7.254478962070269876e-01
-8.379765645410869324e-01
-2.478638874739909070e-01
-1.089707510692566883e-01
-2.733823642522527075e-01
-1.993131759107147349e-01
-5.603191741128938919e-01
-8.650548919728218156e-01
-2.623636504811328596e-01
-5.042787569109291601e-01
-4.975859680031275434e-01
-2.117341374035351942e-01
-5.198372852244348419e-01
-8.347249933780912512e-01
-1.555328594900943218e-01
-1.167179829721424200e-01
-5.719184194757820361e-01
-4.665689954931417915e-01
-1.584230590078575807e-01
-6.651021211110043074e-01
-8.807503096312133684e-01
-8.791669681108934542e-01
-8.382394328791856752e-01
-1.437973939567720461e-01
-5.640379624354641130e-01
-2.396170134331960799e-01
-6.887322021826187690e-01
-7.893474486006020197e-01
-1.866127170937167401e-01
-5.192043300890989421e-01
-6.689731932743360199e-01
-5.181831925882294243e-01
-8.539501997521351528e-01
-7.119164013298873162e-01
-8.779017225677471226e-01
-1.253648795010439132e-01
-1.596218189690464806e-01
-8.291178343168553733e-01
-2.163433771598424205e-01
-4.522834503923545135e-01
-5.613849595752721244e-01
-4.719551241851507872e-01
-6.385584325330675437e-01
