-3.929370337389829215e-01
-3.881984752610585510e-01
4.569914750601403730e-01
-2.610110591355134790e-01
-6.818766120231634087e-02
-4.780581017493547025e-01
3.640443440227614236e-02
-1.535286727077987967e-01
-3.514775622001988786e-01
-3.198243490791052857e-02
1.696251701716872118e-01
-4.498079512856895112e-01
-2.568198854108971751e-01
1.841725750271060447e-01
3.911558968098918232e-01
4.363664887980004403e-01
-2.627258419281035540e-01
-1.051821995581536662e-01
-4.077009402511360125e-01
3.154246402887631584e-01
-2.457730100124245753e-01
3.007290045335705431e-01
3.517107002273155425e-01
4.882192063721029207e-01
-1.400837941126180652e-01
-1.236671652259951903e-01
-8.788665855730126708e-02
4.434837345249110774e-01
1.791608266782619419e-01
-1.327779026951403374e-02
2.591316386495737811e-01
-4.067270896866886920e-01
-4.477480736493268942e-01
-6.329460186270452482e-02
1.677567157355643879e-01
-1.077227235809630201e-01
2.826260898303104563e-01
-1.207243087207974241e-01
-3.786727502866069628e-01
-3.056999175237211652e-01
-3.066177226892181640e-01
-3.637806183537942717e-01
1.604722593913021633e-01
-3.267723843438822273e-01
-1.225343545865753558e-01
2.408379728324523406e-01
1.694436343236072062e-01
6.150030686494345478e-02
3.149199387744547884e-01
3.404394917114911268e-01
