6.009477538354728310e-01
1.782999924163219063e+00
1.453563324692114023e+00
4.119351050584471596e-01
1.298443482015310992e-02
8.561729532980988377e-01
6.195789174659055432e-01
5.258422161546246754e-01
8.098608333463278575e-01
1.192047611086689107e+00
1.531645806780990993e-01
5.759319914050596845e-01
1.031536277623509301e+00
6.077929924145774043e-01
4.835322016984957005e-01
5.701877123895592314e-01
5.509172241825498473e-01
1.191049245907387505e-01
2.009066334664469711e+00
1.595707917300813072e+00
1.694678234043979492e-01
8.514878423463005663e-02
7.977341493385775584e-01
7.565723416397978074e-01
6.794543689099711292e-01
1.082960201449066018e+00
2.131933496072886847e+00
9.272158403739534649e-02
5.163120842820166922e-01
4.543751475963204722e-01
1.189173659149156265e-01
1.730007263054068600e-01
1.615087182945874889e-01
3.912964505009255967e-01
1.041961435603201008e-01
1.137843314871690853e-01
2.440920032014275709e-01
4.593105659415129827e-01
8.991964248049492126e-01
5.453732427627389079e-01
3.160653941677897816e-01
6.208069254670466330e-01
2.641103371676497558e-01
6.471764788208490549e-01
1.141315269869377147e+00
2.241909693980479901e+00
2.596887965016902999e+00
1.059906418608135725e+00
1.126068492619633377e+00
4.703502485395181787e-01
