4.403917337531609855e-02
1.127075340895229205e+00
7.797528821371398911e-01
3.636137096902873345e-01
1.464694333250111224e+00
8.587270816908163518e-01
1.313940615947810198e+00
6.376477324731200103e-02
9.380114780456016987e-01
4.106682912077968539e-01
7.713909223216111055e-01
1.797058313213921732e-01
3.997407714667414735e-01
8.667055791955591282e-02
4.401692006176819993e-01
1.925005078874528097e+00
9.485177567823157574e-01
6.150792769101454116e-01
7.288285979088314770e-01
9.736268123364397731e-01
3.735969821984330697e-01
4.127365784321627706e-01
7.179535282157331055e-01
-5.246103314101766557e-01
2.865450746195583598e-01
4.903281540945703121e-02
4.724869222795767820e-01
1.280592896214796550e+00
-1.133543945621626747e-01
5.903674555330801210e-01
1.162872051137506357e+00
1.030867263658511446e+00
4.798760988770609526e-01
-4.725408696033988054e-01
4.997215492140714699e-01
4.782233607632319083e-01
1.041841358463249989e+00
7.991933496256851122e-01
-1.209932185203344002e-01
4.992985283300301336e-01
-1.723441541204600025e-01
-1.306379850636096851e-01
2.321332585027087170e-01
7.792139129185038371e-01
3.869520974845069849e-02
-4.590868898200938242e-01
3.245247627069658414e-02
-5.696414685373425435e-01
6.130912495783488181e-01
2.069871634288261708e-01
