8.205653779534397563e-01
9.027650079195801425e-01
5.369004985547189968e-01
9.694588078358979955e-01
9.732916067883716771e-01
4.083506861807276733e-01
2.857124088646723070e-01
9.587345305214460822e-01
7.654919529950225954e-01
4.567126992026721011e-01
9.207235196862135762e-01
3.736353226857794807e-01
9.719630838198101142e-02
9.541416645221831860e-01
7.700623167520478374e-01
5.249073927988714416e-01
2.076769044773059125e-01
3.973154005360135521e-01
3.914715789374043631e-01
2.771524285131859999e-01
5.967234367319087518e-01
2.640351669258779177e-01
3.197132974782882497e-01
8.111233105501035601e-01
1.677642594741124427e-03
1.723135249385155943e-01
7.718815062094432911e-01
4.789664798180830463e-01
9.789590995409668261e-01
2.963145844098656889e-01
5.058266498739973915e-01
6.940246667881367904e-01
5.993941640612682198e-01
5.359454643528576145e-01
4.739826186125374319e-01
3.029017983324094887e-01
5.622938600689560973e-01
7.894184496967253661e-01
1.798775023068441836e-01
5.159376046309651631e-01
4.975576245093813466e-01
8.869904999862610051e-02
6.457530465470195935e-01
9.836167417843988403e-02
3.540581991506320803e-01
6.494764673724905402e-01
6.502622782083711250e-01
8.101138377386273293e-01
4.061450079439460348e-01
4.955253000951838072e-01
