-2.627460516891016451e-01
-1.222125660135267439e-01
-4.583109587668678930e-01
-5.958154982499759555e-02
-2.786805766395862582e-02
-5.685019723448319073e-01
-2.438592405796662366e-01
-1.065067467673838641e-01
-1.773010505660635450e-01
-3.086734056855568870e-02
-2.056098374386076399e-01
-2.520413014728296874e-02
-1.130969002317665506e+00
-3.388202435776077048e-01
-4.164544065978679210e-01
-8.586616029494217317e-01
-2.677487001642245845e-01
-5.941721666005422148e-02
-1.243713511135749634e-02
-9.978766845874020852e-02
-9.840470399126997891e-02
-4.484570605064566728e-01
-1.042575091006262555e+00
-2.276765372280793384e-02
-1.263570961911172075e-01
-7.831251668990291126e-02
-8.330396075726022032e-01
-2.571461393847220833e-01
-3.950900696941195972e-02
-3.586195194265947017e-01
-4.258122766540855565e-03
-3.609258183958505839e-01
-3.397962109462202007e-02
-2.264830393573104839e-01
-9.787511587842859240e-02
-9.810901772466992798e-02
-3.004790498412647222e-04
-3.749750870154820032e-02
-7.063931731330649333e-01
-5.483784669441283954e-01
-1.869505609881181793e-02
-2.089635021879102939e-01
-4.883979346920875875e-01
-5.974032778608913130e-01
-5.958871124141076198e-02
-6.536452306902443277e-02
-5.773747064818113978e-02
-1.941314375591693051e-02
-4.666911975636290344e-01
-5.997474853177801185e-02
