-1.262463894218075922e+00
-4.609037895066869783e-02
-2.745111640807142983e-01
-1.343920799939577915e+00
-6.047389578667966559e-01
-1.022736826475222127e+00
-1.667194185547772767e+00
-1.128085522228382542e+00
-6.742790504897995252e-01
-2.211201532108142853e+00
6.966705061874316485e-01
2.032774096883368298e+00
-9.213453014985981682e-01
1.080691380561913939e-01
-9.479108574105084006e-01
-2.244576062042292985e+00
-4.083540845287608745e-01
-2.530914117168433508e-01
2.744784684035215805e-01
-7.275441096492726301e-01
1.260384712912119287e+00
-8.346861182145541846e-01
-6.224587290532219708e-01
-4.759218293329481320e-02
-2.425050725129738627e+00
-6.868269613319355482e-01
-1.127109037255934920e+00
1.601794685032512877e+00
2.749375072327326364e-01
4.542414568580500078e-01
-9.575582205040100714e-01
-1.645674852163706015e-01
3.727112878756679293e-01
-2.062710325048992266e-01
1.455613686122741446e-01
1.141938078700851289e+00
-4.572618323794324646e-01
1.924149548422965372e-01
1.431841794861353212e-01
-1.682269213267187702e+00
-1.599367937888301894e-02
-1.011169709478666245e+00
-7.114027962526759952e-01
-1.225831990127473015e+00
1.073760298550835879e+00
4.118763999954228594e-01
1.558496731441863403e+00
-1.365168104283015271e+00
-6.617437859186025007e-01
-1.375473747747842701e+00
