-2.763694491805435138e-02
-3.909120481982105710e-01
-2.732612973151367086e-01
-6.429836643925262996e-01
-8.254190990196047517e-01
3.843870378041458480e-01
3.566783757862936888e-01
-6.014725882376482646e-01
-7.796139085367216337e-01
4.380744383699308742e-01
-9.412380842854780605e-01
-4.425683254338971251e-01
3.513458079743747575e-01
2.428273249775485532e-01
3.816810908172398875e-01
2.348441962166225583e-01
9.684465301518985214e-02
1.644965581801189902e-01
-2.973000590735686011e-02
2.363611947980466255e-01
-4.264323569234201861e-01
1.119916017218984816e-01
-5.901022854053472599e-02
3.970715837724441144e-01
-3.215508953641788015e-01
2.469246900989572335e-01
2.977150191951034586e-01
4.594939249861431652e-01
4.325588993447895270e-01
-5.674720174772043269e-01
4.258551175675613365e-01
3.427270164987858969e-01
-2.535703119969230368e-01
8.890768427007644803e-02
3.527107632810602134e-01
-5.538986396829759240e-01
-9.360817655349957800e-01
3.663664599861868876e-01
-2.714255240909773104e-01
-8.526750769003179631e-01
-8.127491610234693908e-01
-6.547605526122528552e-01
-5.682587528015892175e-01
-5.234294094509973627e-01
-3.442004768542350490e-01
1.825262430143805847e-01
-4.441332687737866713e-01
-2.281416514243317373e-02
2.968019065588727301e-01
-5.286638589577457026e-01
