-6.445157097646853073e-01
-8.116033379834853845e-01
-9.368350978130699502e-01
-8.377429770079078963e-01
-9.975615341920525125e-01
-9.560449657134628687e-01
-9.007429449386186171e-01
-9.080468988810277420e-01
2.290646428419891301e-01
3.957445752069406186e-01
-3.650361849249039170e-01
-9.385884229311215465e-01
-7.888835741049117223e-01
-6.659888234306015065e-01
-4.528134225967083148e-01
2.233630225488525411e-01
-9.434642358272292695e-01
-7.664972185734348908e-01
-3.805258960605032437e-01
-7.016724519247889980e-01
-9.057307301810049172e-01
-7.988436217603339662e-01
-8.546926822965801307e-01
-4.457598770728166682e-01
-2.499530364948650552e-01
-6.576211757663582569e-01
-9.534507663151656764e-01
-5.657120689715495754e-01
-1.122513978484558583e+00
-1.765832915900376499e+00
-6.905080347323639955e-01
-1.482567457071567008e+00
-1.168906768013789677e+00
-8.839818582124481239e-01
9.432693965073957187e-03
-8.368307661165595990e-01
-9.847907166075087204e-01
-8.553790777476605323e-01
-8.241638071138941424e-01
-1.438998711683115772e+00
-5.064426652430050746e-01
-7.670891066209852838e-01
-8.766267141199139967e-01
-6.668469334802722415e-01
-1.071987041360050963e+00
-7.593167413637562646e-01
-1.017333537395134435e+00
-1.786352772701133018e-01
-4.536721444328462027e-01
-1.121588944986803726e+00
