-1.288453562330734159e-01
-1.191030878319428721e-01
-9.441773917810257488e-02
-5.002379464256326291e-02
-5.954762278368558315e-02
-1.360078126434382806e-01
-1.329590774494431304e-01
-2.520518111029182995e-01
-4.244887190611655314e-01
-2.005208921135374078e-01
-2.594152490959961144e-02
4.372259789038029920e-01
-5.819391764319920002e-03
3.787683313880203517e-01
3.138203862371953812e-01
1.417888061003633182e-02
2.336371373891305003e-02
-3.065314387124590256e-01
2.888637462868945960e-01
-2.705258636204825873e-01
-3.562489071979457189e-01
2.797056284954072547e-01
2.914049804265019805e-01
-1.925671607830292675e-01
-2.361483892533583762e-01
-4.857914837258243967e-02
-3.409291296740451505e-01
-4.432030140477334901e-01
-4.154511123627121494e-01
-3.875013271344023291e-01
7.579656056508526918e-02
-3.727097540277857224e-01
-2.346011946530641712e-01
-2.050483825479363087e-01
-2.234165194977303370e-01
-1.191881435359143371e-03
-2.183471162693150225e-01
-1.665369773172458989e-01
4.950610843034427555e-01
-4.048684232936943239e-01
-4.323114696380556676e-01
-4.870481051332951616e-01
1.495254634086800316e-01
2.523686504368712058e-02
-3.282746011059263225e-01
-2.064076434030593377e-01
-2.872233108629101972e-01
-2.700792195555763442e-01
-1.816800465322748748e-01
-3.155507703187740987e-01
