3.812067809265913265e-01
3.804209554604378596e-01
3.763226393246409396e-01
3.716213696367200447e-01
3.748146626771233225e-01
3.800809478319037149e-01
3.851364189858967890e-01
3.778503780310082938e-01
3.768084426295125189e-01
3.793241002264501893e-01
3.867353186286598410e-01
3.782245704747538850e-01
3.872115510836130481e-01
3.731699272616469387e-01
3.731561872949714087e-01
3.874533774742512371e-01
3.758698753262064152e-01
3.770883942776894204e-01
3.815851827690321940e-01
3.749240739933253352e-01
3.817589406784597794e-01
3.747618688876718229e-01
3.833549200075486718e-01
3.750127820164704251e-01
3.741563740209926658e-01
3.853046049197672573e-01
3.742283935325741995e-01
3.802784896435231765e-01
3.782492837537470010e-01
3.783764623758910650e-01
3.806899804824875888e-01
3.800508501955365270e-01
3.793988056405472875e-01
3.709938730649035010e-01
3.818713872826606792e-01
3.780515421139072352e-01
3.836656932646423379e-01
3.821011111758593759e-01
3.760937369347830961e-01
3.862781897598182579e-01
3.790301531695899895e-01
3.726800575132002691e-01
3.740334335557841117e-01
3.827509045468925342e-01
3.847156029415249590e-01
3.829752509702596952e-01
3.804859305443564765e-01
3.805821833747263794e-01
3.821074377150171508e-01
3.799488820782597198e-01
