-1.912735269967733576e-01
-1.869168982779172206e+00
1.297883019959531446e-02
8.045812215252874378e-01
7.196279267492252663e-01
2.015610718806892521e-01
8.681273660428747707e-01
6.141933135466585286e-02
2.501753547119693333e-01
-2.103350860376571596e-01
-1.504965879720400468e-01
-9.288147717901268363e-02
-5.939395709806426227e-02
-1.367132823401002506e+00
-1.677824489444681710e-01
9.868225776114677439e-01
-3.617407416630221140e-01
-3.296478006301979402e-01
-3.521758066352422833e-01
3.072553716445504679e-01
1.379876310134169337e-01
1.827573046499753495e+00
9.707446010781115020e-02
-6.960458265474364081e-01
-4.232839607394072723e-01
-1.806934765427521183e+00
7.137363006198773618e-01
-3.621408963460759911e-01
-6.289385537863464437e-01
4.834138461925223673e-01
1.525056620086168158e+00
-2.782529318020819376e-01
-5.524100425312185036e-01
-7.283733562741564471e-01
-1.247409799415912790e+00
8.642937897246255607e-01
1.346556901922048466e+00
4.521584186375329772e-01
1.751552337580008833e+00
1.097738720560029607e-01
1.061349952425737486e+00
-1.237238920117347263e+00
-1.275461849710858298e+00
6.643656903905167388e-01
1.060657359051909582e-01
-4.292878805636061168e-01
-6.774377909376467777e-01
8.287280548141119363e-01
-5.346336632423929203e-01
-6.850350348383261734e-01
