4.481926561201457493e-01
2.048332261638611540e-01
5.626823305768641897e-02
9.443693077122605750e-01
1.252006752209584017e-01
3.296489401404633646e-01
2.791342087393675064e-02
4.348180794551541606e-01
2.108755953354879975e-01
5.211047494312650574e-01
5.239706610826296851e-01
4.576402005466422285e-01
7.380442905762494288e-01
1.086132223267552710e-01
4.347493265774858284e-01
1.148631747267376824e-01
2.185770293332534031e-01
3.151329881220603646e-01
2.737014862173438035e-01
5.395651708090772880e-01
3.124404063809435028e-01
4.199725541612526758e-01
2.892804332926027788e-01
1.011673057995572944e-01
3.094071796780804018e-01
2.090696946458124941e-02
1.060964888450135063e-01
5.993616738536535760e-01
1.138075251550672018e-01
3.008776780100040904e-01
4.063483158552024244e-01
3.726283338644190146e-01
1.064234654725003809e-01
3.792924141133841021e-01
9.780289750172006802e-02
1.949081195799147737e-01
1.413933321164057288e-01
2.100053189106150520e-02
3.102989787186796189e-01
7.400349753762888172e-01
2.396034601366474892e-01
6.644217310360089890e-02
9.918968127502876542e-02
4.122787976617962868e-02
6.933352511646356797e-02
1.749411141732963304e-01
1.266079650570197945e-01
1.934497709302294588e+00
6.032056218469569187e-01
2.312808746927699777e-01
