4.948226133254685077e-03
1.788792505217723372e-02
4.199369506873140701e-02
1.918638587857017797e-01
2.196048317538086825e-01
2.026416136792963951e-01
2.222708950003237649e-01
-1.163995175813212490e-01
5.114897492961494319e-01
-5.852263102430207975e-02
9.250258779795372810e-02
5.517463605678192273e-01
4.608418348329935132e-01
3.744529417961064977e-01
5.917099949188546759e-01
2.636917678070833104e-01
1.439210349444984272e-01
1.562971602961002460e-01
-2.826162955140308353e-01
-2.002316473331459679e-01
3.693732765731144174e-01
3.250108802343491532e-01
2.580327157475284516e-01
4.705056849661319318e-01
4.250323137310447197e-01
1.258895525324044140e-01
7.877660741055614313e-03
2.981820975551844888e-01
-2.343292030134837556e-01
3.314551238226826069e-02
2.237635750578975125e-01
-1.587367402872314204e-01
2.340552630121827682e-01
-1.295967786346155504e-01
-1.536378897157043011e-01
4.232835198156845169e-01
-2.354947097665012201e-01
2.275463546583044727e-01
3.481054724055949179e-01
1.013379499161623509e-01
3.030498312231955094e-02
2.414797321619658876e-01
1.661837915893382700e-02
-1.213204998794855105e-01
-8.973591392846813619e-04
-1.247549023567345872e-02
5.543854645052901375e-01
6.017921151327437768e-02
-1.111319307131797274e-02
3.372728481604890249e-01
