-5.683565117894588681e-02
-2.781831751897200222e-01
-3.998251438641670652e-01
-1.979641835252069493e-01
-1.404451671703509097e-01
-1.544211456331398835e-01
-3.097353714702699157e-01
-9.020722955134442833e-02
-7.323868613095707580e-01
-5.415084055595154044e-01
-8.482508597714690790e-01
-3.806456378291124543e-02
-3.026898533137855063e-01
-1.634912950503310258e-01
-1.052694529461779271e-01
-2.722714824277495671e-01
-4.489454755111302320e-02
-4.496363618402210438e-02
-8.635666626389880418e-02
-2.412094849180911604e-01
-4.097293412975726301e-02
-2.558114790519444015e-01
-4.826225659747302443e-01
-8.247061479527850736e-02
-1.920158496064358900e-01
-1.305578300316180031e-02
-2.255709558966826345e-01
-5.125484497147858587e-02
-5.301818180913375755e-01
-3.979052153895070720e-01
-8.592027070156579294e-01
-3.217693640373321395e-01
-7.069632480437681023e-05
-4.462693704840918762e-01
-5.699802191657710876e-02
-2.896694323649378622e-01
-6.943719613821232317e-02
-6.574903788213628530e-01
-3.433925931685838928e-01
-1.136480537519904965e-01
-1.418272279659353596e-01
-1.212205766180456668e-01
-2.056907184486521378e-02
-1.729411308541339495e-02
-1.597980881685138188e-01
-2.033711849603740685e-01
-2.165264391463297688e-01
-1.154911044267861869e-01
-1.970889007985034413e-01
-3.490714306924469490e-02
