1.215797778027963405e+00
-7.870566502514381169e-02
-2.894168336501717897e-02
-5.760253515270002955e-02
1.427571974050451109e-01
-6.846052431191077536e-01
6.946454441942770952e-01
7.022391743559655009e-01
-2.704479011682334733e-01
3.505550279078390452e-01
6.670584134177277580e-01
6.171672072419956967e-01
4.197000215545408364e-01
9.987017285376710296e-01
1.395209683447800719e+00
9.363595723777359270e-01
-3.689381766882182667e-02
3.491812029727884292e-01
-4.337012323954614335e-03
3.482422885409457991e-01
8.943326982689199234e-01
6.340007989850092729e-01
1.077895210306848206e+00
3.021011579842429184e-01
2.100278934014264687e-01
7.703746648169040867e-02
6.443640660351943605e-01
-9.025889135848685907e-02
-6.720704479883304883e-02
1.100242266279741532e+00
5.485700575680507729e-01
3.151047464244001173e-01
1.281599901246864293e-01
7.412944211334864253e-01
3.303186887091942303e-01
3.030921659105954014e-01
1.607885685494021277e-01
1.150913054856457673e+00
9.937771576237839355e-01
6.973115496179999040e-01
6.062784970023736841e-01
5.306015414563803878e-01
-3.008844463169527694e-01
-6.128474817946261144e-02
2.411590946258791446e-01
1.356778754217261573e+00
8.429946267601056142e-01
5.467768591366309883e-01
3.621390039713517361e-01
8.023612903406274199e-01
