-5.728473468135987234e-01
-1.237910631988332621e-01
-5.946838869689303753e-01
-8.965311286311611338e-01
-1.629003831134869795e-01
-7.196170880293232264e-01
-4.087038897142549199e-01
-4.912705859248777118e-01
-3.100848705402460270e-01
-2.099021357508493724e-01
-4.335648269048533732e-01
-1.711774039837005157e-01
-5.560578396327098272e-01
-8.532992816714587425e-01
-7.699359908088798665e-01
-2.745984838258309635e-01
-8.387310995164648508e-01
-1.274342948843719681e-01
-5.949635480613419958e-01
-6.321982386598696824e-01
-5.735037165068490594e-01
-1.380446372806181099e-01
-5.382077362514936514e-01
-6.868497486347421299e-01
-4.930535787219870736e-01
-3.576758770182453251e-01
-5.154918232519450916e-01
-3.208461377631871558e-01
-5.017585158904310783e-01
-3.568475597796505472e-01
-4.034564916550721358e-01
-7.438256690060465193e-01
-5.910997661707269035e-01
-2.143762519973241298e-01
-4.376065654737645305e-01
-8.027077630324861435e-01
-6.550567567089830012e-01
-2.014380308671239739e-01
-6.556870084894469430e-01
-1.205860577312144466e-01
-3.425136543632445463e-01
-7.154425167805847918e-01
-5.310711580477237570e-01
-5.902749565451070879e-01
-6.930941896162297056e-01
-4.768727287061132469e-01
-5.013518820537947729e-01
-4.132302263546377974e-01
-7.696496105402792498e-01
-2.630023376222951903e-01
