4.975174357534745129e-01
-3.717650554129422469e-01
-2.183325729499518975e-02
-2.674550357587780480e-01
-2.447051700402925745e-01
7.514288983250283493e-02
1.193458982650108524e-02
-1.429052146083410468e-01
-3.472261568756527250e-01
4.943542150427893134e-01
-4.814771361914919057e-01
-3.635055017791509746e-01
-1.126727287853964699e-01
2.446931760957896662e-01
1.646162075727565233e-01
-2.453463375103180910e-01
-9.905562433919756771e-02
1.573972096974617374e-01
4.781153921399949880e-02
-4.875309785525282491e-01
8.107231193071218200e-02
-4.858890383494287590e-01
-4.909496552454560847e-01
9.615916321728767979e-02
-2.272649027223541118e-01
2.951090448447192260e-01
2.581292422651493279e-02
-3.537262123477413756e-01
2.283880631240714498e-01
2.058830456522351415e-01
4.000706455304320341e-01
-4.181625921036616900e-01
3.362174967807973758e-01
-1.502290798369195768e-01
-1.844776229630872288e-01
-1.757930823309802326e-01
2.244707680131758920e-01
-4.972110765923581921e-01
2.364892258070770970e-01
4.031213051455011520e-01
-1.947678292452065252e-01
3.868016549230695045e-01
1.958526609663395757e-01
4.663094706628253538e-01
3.852762099125602857e-01
4.901594461408177450e-01
1.877334586599597177e-01
3.042774707435590420e-01
2.887942326079457889e-01
-2.386764945811569172e-01
