1.673030691160801720e+00
1.434016373671114231e+00
3.866365165613592669e+00
3.589847440710874221e-03
1.190645683672411970e+00
1.398588722746119395e-01
2.381627706176001336e-01
1.880182995941102941e+00
3.217186368413264663e+00
1.877789047868029026e+00
1.286420194057528998e-01
7.893488712186490508e-01
1.065887131942582888e+00
5.310913302440065653e-01
5.596860101094721651e-01
7.447827861378191194e-01
1.193145180613060852e+00
4.778924292252950679e-01
7.641998146599178199e-01
5.846581935942120056e-01
1.109125398822492725e+00
4.903338957080773941e-01
1.246836080589465823e+00
3.823145755472685536e-01
1.489874363797039747e+00
5.829195457270889280e-01
7.905903904212397970e-01
3.835488087605419816e-01
9.612565178822362055e-01
3.054001953775072664e+00
8.939372695507977751e-01
2.739022127888915747e+00
2.056579650039188911e-01
2.185019846411436206e-01
1.124824716303092886e+00
1.294399605247822244e-02
2.114730024271667397e-01
1.273629968388722666e+00
6.499365627252094990e-01
1.889966789935742242e-01
2.738476886285224898e-01
3.326602888251092589e-03
7.825339805501625445e-01
5.167632085087909416e-02
3.057433785757281530e+00
1.483326452355481981e-02
2.816137310110705116e-01
1.017101701267424829e+00
1.513621281805929364e+00
1.250926688538213316e+00
