2.206502065298546200e-01
3.495735172599224727e-01
1.496686355476102515e+00
5.911391717826406378e-01
1.327725764693102328e-01
6.288404550016073458e-01
1.200105522658684754e+00
-2.316508505856689215e-01
3.424792227834468905e-01
2.441457997859703966e-01
9.694725196840914272e-01
7.858224370175330709e-01
2.188631079762669573e-01
1.145861482807069009e-01
5.151274913442777104e-02
-1.965944838531190619e-01
-2.508771567591753238e-01
1.789661112345290461e-01
5.744275850781788151e-02
1.215013422934035914e-02
3.386450182345835391e-01
1.019938811538465995e+00
1.070357006380807441e+00
4.502912787691212837e-01
3.575254673591750088e-01
8.231642394849632005e-01
6.477294005888901696e-01
8.559414127886305623e-01
1.439685476732521341e+00
7.889023903499583490e-01
-2.237787786420659675e-01
1.211837845088139076e+00
8.635865663154262961e-01
1.508606831794618852e-01
4.360278794046907880e-01
4.770829191379536982e-01
4.449510064493598094e-01
2.906166628630723614e-01
3.204027192415630498e-01
1.062094091144218488e+00
6.993057460955198756e-01
3.213405661417251258e-01
-2.416644601025366157e-01
6.369496433615429165e-01
3.785470934254254738e-01
2.212359270787933596e-02
-1.874337033922109930e-01
6.196653580231594738e-01
1.731612451533132147e-02
4.766570935922798125e-02
