2.971786731639535217e-01
3.001149163082733606e-01
4.363582965987694573e-01
6.768919200594931684e-01
8.265099978243558576e-01
3.997782724195112491e-01
7.590459632898197695e-01
6.566104851497379657e-01
1.429081512392225140e-01
2.454930038166165396e-01
1.826612240213189020e-01
9.191964473872946684e-01
6.495320574583949291e-01
9.055094594643474659e-01
2.502450371577432664e-01
2.574849936174294918e-03
7.583962222903113393e-01
9.668645104614859154e-02
5.048862096395179133e-01
9.689510659518054680e-01
5.864986564202564479e-01
9.074187162485661817e-01
5.463488482592890882e-01
3.474091334143000198e-01
4.260526669135613620e-01
7.204034859646667455e-01
5.649117435828474587e-01
6.723065572541773172e-01
6.886486127132585011e-02
8.698799432946464627e-01
8.679652982582977128e-01
7.750878544402436399e-01
4.821497029185672911e-02
5.510108334770913441e-02
6.872427775124824167e-01
7.657668686173920714e-01
1.186208940085092811e-01
8.162121847206411651e-01
5.820062750993471035e-02
9.953543066595595956e-01
2.844117634471555744e-01
1.218774353122478171e-01
9.992210510772738807e-01
1.841873431000619066e-01
3.813781659279139591e-01
3.245411828489703776e-01
5.522292409548797965e-01
5.698503196562844098e-01
3.928689936396970728e-01
4.612178350313520525e-01
