-3.643496813301371623e-02
-2.235452440861729895e-01
-4.392239979090322155e-01
-2.281586500026045738e-01
-5.619793234518893899e-01
-1.960018580227354881e-03
-3.287017483721081379e-01
-2.478693934525912357e-01
-2.303389706770495593e-01
-4.321807454037081553e-01
-7.474854555446217019e-02
-4.929696876156315910e-01
-4.523947571876817814e-02
-2.923112751329662862e-01
-5.755144717157430201e-02
-4.885751731550404264e-02
-2.201666781356582392e-01
-2.283912711831662112e-01
-1.167126245687252623e-01
-6.497075500899472944e-01
-1.083199842373989030e+00
-8.326600006476695889e-03
-5.425319838877435547e-02
-2.477803111081162413e-01
-8.798502232885567487e-02
-1.605058834916814892e-01
-4.014346894342998295e-01
-6.283816891999084442e-01
-2.681118236286159084e-01
-3.069004297187499786e-01
-8.340476295983252977e-03
-4.902519872396318146e-01
-6.375575353170453985e-01
-3.542721529729577629e-02
-2.743102270390965769e-01
-2.267031773158268565e-02
-1.008711004511830961e-01
-1.934211561524382672e-01
-5.630122897820161176e-01
-3.949555386727625177e-03
-2.029515446119855571e-01
-5.509764832786188254e-02
-1.789923221855839741e-01
-4.352609593469746185e-01
-8.865150294483207238e-01
-8.452711397386351022e-01
-2.103895052475582839e-01
-2.202359268842119244e-01
-1.324062837957797889e-01
-2.470150027903730006e-01
