5.228855730201049656e-01
-7.489889068584545395e-01
-7.604381937625677157e-01
-1.959017410442812412e+00
3.799269444811142482e-01
-2.639830045071689946e-01
3.174517709737598170e-01
-8.749579540579341952e-01
1.403290170703863082e-01
-6.148251777788391603e-01
-4.870519867369929035e-01
-1.934316700496878094e-01
1.398913103191553597e-01
-1.117897198786071966e+00
1.023461545193893762e+00
-2.390289907301648586e+00
2.378528029178184067e-02
3.972155530630589459e-01
1.101915183378005536e-01
-1.527480638219331111e+00
1.098484734850043720e+00
-6.300469475028518396e-01
-3.530501081342843905e-01
-9.336266578138148198e-01
5.812492162220925795e-01
4.581351603382797788e-01
-6.439531421267830069e-01
-1.508205921905844349e+00
-4.797939795893141346e-01
2.530497853395823893e-01
-6.003331013778389069e-01
1.523300969209568034e+00
-1.385430650511252804e+00
1.925569318351217363e-01
-4.122623407281031938e-01
-1.661407751649771392e+00
-4.693556582285894896e-01
-9.788832609151574271e-01
-1.949988157390815990e+00
-1.818321231392004966e-01
-5.688017825327889021e-01
7.254471314504287172e-01
3.821446320516755368e-01
-9.076708675281370819e-01
-4.336699582844044665e-01
1.247835636092290423e-01
5.843286780127145974e-01
5.227272414668060474e-01
-4.360172116920687513e-01
-1.114705817610425864e+00
