3.947884872942348800e-01
7.089573770107993056e-02
2.499824117957929470e-01
-7.355094859009769781e-01
-2.631376678374421907e-01
-1.740546660303996518e-01
2.392053961136717533e-01
-8.299468903292503974e-01
-9.839150601045583144e-01
-3.631592978532085514e-01
-6.710358267034921553e-02
-5.771777215723978838e-01
-8.782287288728098940e-01
-2.198916510977699801e-03
-7.167227500966607545e-01
-9.984687338068540807e-01
3.728601359786192226e-01
-9.490810947702942313e-01
-5.305705981310420150e-01
4.511995538885218426e-01
-9.005170558676804937e-01
-4.130855205157101251e-01
7.741750716592465942e-02
3.415247461736901080e-01
-4.588343391225719881e-01
-9.697489527761651296e-01
-5.034274723592998546e-01
-2.305709429638785890e-01
-8.042724731200425747e-01
-4.918515171076794923e-01
-5.723830682767753197e-01
-4.304577886609819437e-01
-4.824822560148307460e-01
-5.377362347757230765e-01
1.802845711877694157e-01
-5.071362779417354361e-02
-3.769367236371230501e-01
-5.419344353028181516e-01
4.889471679210690702e-01
-1.235329152250839169e-01
-3.024967327789385152e-02
3.982757839631823060e-02
-4.492952251924210438e-01
-1.137450956410370750e-01
-3.434711560226987315e-01
-1.166610715962831391e-01
-1.128559502427288752e-01
-2.927800382028975523e-01
1.874266542527160961e-01
-4.766442803285360075e-01
