-1.007308951824592347e+00
-6.813405681801554259e-01
-4.661908344207844612e-01
-3.005129516811676504e-01
-8.091559126796499246e-02
-1.511631097245409450e-01
-1.759031709091186446e+00
-7.709186712079062476e-01
-2.111329376001784275e-01
-2.616811266108675094e-01
-4.395012555491193962e-01
4.801921712930459218e-01
-5.327225525878729329e-01
-2.742058378038109701e-01
-5.533884037619343221e-01
-4.058294927463096946e-01
-1.129197878669939037e+00
-1.372092739221692392e+00
-6.838191075903153893e-01
-9.051750656752868274e-01
-5.576802685247204128e-01
-8.940364977024106707e-01
-1.709109224071019950e+00
-1.114085406231714259e+00
-6.920735544350355983e-01
-7.888329795161452829e-01
-1.311614205066690353e+00
-7.031440344964130507e-01
-9.075153394868776813e-01
-2.985447837913485780e-01
-8.505839264364836172e-01
-5.553653411593517664e-01
-7.910615427536307198e-01
-9.617308887959457042e-01
-1.364537769333102446e+00
-1.016537346159144928e+00
-4.133253310508253064e-01
-1.446607057574313071e+00
-6.479894485479820165e-01
-1.525374876486955467e+00
-4.078173948082075007e-01
-1.617547461835382450e-01
-1.520055743995434971e+00
-7.926560145459747853e-01
-9.917206927419319751e-01
3.482889651234299944e-01
-1.620162931152357766e+00
-1.627381238695804422e+00
-1.408687672892309672e+00
-9.819763557538869758e-01
