5.291572204676462832e+00
-4.064883654187516071e-01
-1.222698123956566657e-01
-1.676225308542310888e+00
0.000000000000000000e+00
-1.052765198828187199e+00
4.833130216523399136e-01
0.000000000000000000e+00
0.000000000000000000e+00
0.000000000000000000e+00
-2.204572640393133165e-01
-4.114516899026280511e-02
0.000000000000000000e+00
-7.544977725560397808e-01
0.000000000000000000e+00
-2.085119445840154517e-01
-1.004267878848137174e+00
0.000000000000000000e+00
0.000000000000000000e+00
-2.769784576135456144e-01
0.000000000000000000e+00
0.000000000000000000e+00
-3.902768206195974393e-02
-4.409786971858131038e-02
-3.713231280357934261e-01
4.933034957704506285e-01
-1.687435212947632074e-02
-7.800225354651897369e-01
0.000000000000000000e+00
-7.247634528262573983e-02
-6.371317619131328103e-01
0.000000000000000000e+00
-1.307661040422576082e-01
0.000000000000000000e+00
0.000000000000000000e+00
-9.880346917593130218e-02
0.000000000000000000e+00
0.000000000000000000e+00
0.000000000000000000e+00
0.000000000000000000e+00
-5.413766341940547816e-02
6.691158006768433975e-01
-6.567084700083321014e-01
-2.580386745563871542e-02
0.000000000000000000e+00
2.214708959427873936e+00
-3.883464560468503635e-01
-2.287501697024294511e+00
0.000000000000000000e+00
-1.061031145979959150e-01
