-4.000000000000000000e+00
-3.898734092712402344e+00
-3.797468423843383789e+00
-3.696202516555786133e+00
-3.594936609268188477e+00
-3.493670940399169922e+00
-3.392405033111572266e+00
-3.291139125823974609e+00
-3.189873456954956055e+00
-3.088607549667358398e+00
-2.987341880798339844e+00
-2.886075973510742188e+00
-2.784810066223144531e+00
-2.683544158935546875e+00
-2.582278490066528320e+00
-2.481012582778930664e+00
-2.379746913909912109e+00
-2.278481006622314453e+00
-2.177215099334716797e+00
-2.075949192047119141e+00
-1.974683523178100586e+00
-1.873417615890502930e+00
-1.772151947021484375e+00
-1.670886039733886719e+00
-1.569620132446289062e+00
-1.468354463577270508e+00
-1.367088556289672852e+00
-1.265822649002075195e+00
-1.164556980133056641e+00
-1.063291072845458984e+00
-9.620251655578613281e-01
-8.607594966888427734e-01
-7.594935894012451172e-01
-6.582276821136474609e-01
-5.569620132446289062e-01
-4.556961059570312500e-01
-3.544301986694335938e-01
-2.531645298004150391e-01
-1.518986225128173828e-01
-5.063271522521972656e-02
5.063295364379882812e-02
1.518988609313964844e-01
2.531647682189941406e-01
3.544306755065917969e-01
4.556961059570312500e-01
5.569620132446289062e-01
6.582279205322265625e-01
7.594938278198242188e-01
8.607597351074218750e-01
9.620256423950195312e-01
1.063291072845458984e+00
1.164556980133056641e+00
1.265822887420654297e+00
1.367088794708251953e+00
1.468354701995849609e+00
1.569620609283447266e+00
1.670886039733886719e+00
1.772151947021484375e+00
1.873417854309082031e+00
1.974683761596679688e+00
2.075949668884277344e+00
2.177215576171875000e+00
2.278481006622314453e+00
2.379746913909912109e+00
2.481012821197509766e+00
2.582278728485107422e+00
2.683544635772705078e+00
2.784810066223144531e+00
2.886075973510742188e+00
2.987341880798339844e+00
3.088607788085937500e+00
3.189873695373535156e+00
3.291139602661132812e+00
3.392405033111572266e+00
3.493670940399169922e+00
3.594936847686767578e+00
3.696202754974365234e+00
3.797468662261962891e+00
3.898734569549560547e+00
4.000000000000000000e+00
