-6.400000000000000000e+01
-5.926125717163085938e+01
-5.476240539550781250e+01
-5.049719619750976562e+01
-4.645941543579101562e+01
-4.264282989501953125e+01
-3.904119491577148438e+01
-3.564828872680664062e+01
-3.245789718627929688e+01
-2.946376037597656250e+01
-2.665966987609863281e+01
-2.403938102722167969e+01
-2.159666633605957031e+01
-1.932530021667480469e+01
-1.721905136108398438e+01
-1.527168369293212891e+01
-1.347697257995605469e+01
-1.182867908477783203e+01
-1.032057762145996094e+01
-8.946437835693359375e+00
-7.700031280517578125e+00
-6.575121879577636719e+00
-5.565483093261718750e+00
-4.664880275726318359e+00
-3.867084741592407227e+00
-3.165867328643798828e+00
-2.554994344711303711e+00
-2.028236389160156250e+00
-1.579363942146301270e+00
-1.202144026756286621e+00
-8.903470039367675781e-01
-6.377426385879516602e-01
-4.380990862846374512e-01
-2.851861417293548584e-01
-1.727733314037322998e-01
-9.462936967611312866e-02
-4.452379420399665833e-02
-1.622589118778705597e-02
-3.504785941913723946e-03
-1.298056740779429674e-04
1.298074930673465133e-04
3.504802472889423370e-03
1.622593775391578674e-02
4.452397674322128296e-02
9.462936967611312866e-02
1.727733314037322998e-01
2.851864397525787354e-01
4.380994737148284912e-01
6.377431750297546387e-01
8.903483152389526367e-01
1.202144026756286621e+00
1.579363942146301270e+00
2.028237581253051758e+00
2.554995775222778320e+00
3.165868759155273438e+00
3.867088317871093750e+00
4.664880275726318359e+00
5.565483093261718750e+00
6.575124263763427734e+00
7.700034141540527344e+00
8.946444511413574219e+00
1.032058525085449219e+01
1.182867908477783203e+01
1.347697257995605469e+01
1.527168750762939453e+01
1.721905708312988281e+01
1.932530975341796875e+01
2.159666633605957031e+01
2.403938102722167969e+01
2.665966987609863281e+01
2.946376800537109375e+01
3.245790100097656250e+01
3.564830780029296875e+01
3.904119491577148438e+01
4.264282989501953125e+01
4.645941925048828125e+01
5.049720764160156250e+01
5.476241302490234375e+01
5.926127624511718750e+01
6.400000000000000000e+01
