-6.744241333007812500e+01
-5.637914276123046875e+01
-5.684584426879882812e+01
-5.361599349975585938e+01
-4.735747528076171875e+01
-3.994300460815429688e+01
-3.193176651000976562e+01
-3.631252670288085938e+01
-3.492017745971679688e+01
-3.013691139221191406e+01
-2.999142074584960938e+01
-2.412215614318847656e+01
-2.199519920349121094e+01
-1.966004371643066406e+01
-1.581862735748291016e+01
-1.587622451782226562e+01
-1.291578769683837891e+01
-8.198536872863769531e+00
-1.018519783020019531e+01
-6.321882247924804688e+00
-7.765625000000000000e+00
-1.039262104034423828e+01
-2.896979331970214844e+00
-5.232014656066894531e+00
-3.824058055877685547e+00
-3.128628969192504883e+00
-7.782872200012207031e+00
2.167293548583984375e+00
4.110832214355468750e+00
1.993978381156921387e+00
2.292490243911743164e+00
-3.013341903686523438e+00
-3.745148897171020508e+00
2.100239038467407227e+00
-2.091398954391479492e+00
-2.139542341232299805e+00
1.939495801925659180e+00
-1.138942837715148926e+00
3.096482992172241211e+00
5.710733532905578613e-01
3.174040317535400391e+00
-2.048870086669921875e+00
-3.662040472030639648e+00
4.381938934326171875e+00
-1.387169957160949707e+00
-6.407177448272705078e-02
3.349091053009033203e+00
1.217365026473999023e+00
-1.737749576568603516e+00
5.507169961929321289e-01
-2.360274791717529297e-01
-5.925933122634887695e-01
2.151584625244140625e-02
-1.228070259094238281e-02
6.721888065338134766e+00
-8.541135787963867188e-01
2.332474231719970703e+00
8.448915481567382812e+00
8.913200378417968750e+00
5.847998142242431641e+00
8.426010131835937500e+00
8.458246231079101562e+00
1.632219314575195312e+01
9.725899696350097656e+00
1.622812843322753906e+01
1.462513065338134766e+01
2.109491729736328125e+01
2.495493316650390625e+01
2.405508041381835938e+01
2.166819381713867188e+01
3.063973236083984375e+01
2.939142036437988281e+01
3.555829238891601562e+01
3.881942367553710938e+01
4.083488082885742188e+01
5.018973159790039062e+01
5.102500915527343750e+01
5.488753509521484375e+01
5.969733428955078125e+01
6.106203842163085938e+01
