3.529692359870843094e-02
3.530138483208097172e-02
3.530098119689353831e-02
3.529941903882666265e-02
3.529917230262877986e-02
3.529600071751588797e-02
3.530192516737010872e-02
3.529474842945799079e-02
3.530092082128329090e-02
3.529545941782405438e-02
3.530219883605239389e-02
3.529285514023181719e-02
3.529807507661249927e-02
3.529517115264065724e-02
3.530469677673288981e-02
3.529503464257003481e-02
3.529994857060282654e-02
3.530514600443651618e-02
3.530478502714121114e-02
3.529908403752367307e-02
3.529248460405828847e-02
3.529853106527339190e-02
3.529096094057943694e-02
3.530609535098463980e-02
3.529566105811299953e-02
3.529498879482569074e-02
3.530087307197721930e-02
3.530231138347672548e-02
3.530119600481955444e-02
3.529677143373578796e-02
3.530292128532368928e-02
3.530229477366369356e-02
3.530568356076813075e-02
3.529477665017514976e-02
3.530543168139716609e-02
3.529646021352444984e-02
3.530312928617192203e-02
3.529844785346432368e-02
3.529674688976337793e-02
3.529886401726448769e-02
3.530110971657990371e-02
3.529884129192168568e-02
3.529869169099916076e-02
3.530505434945711840e-02
3.530745394439179646e-02
3.530060767597917315e-02
3.529633987431691350e-02
3.529710524117406212e-02
3.530239007528053474e-02
3.530312827790160063e-02
