3.053475990579102017e-02
-4.097700797710857046e-02
-1.743830564658210847e-03
-5.118829162374982644e-02
8.182167297572240372e-02
9.047074765543539066e-02
-6.818948651113299064e-02
-6.879061732470503898e-02
-7.131035193451040755e-02
-8.719224960985538786e-03
4.447019571769228463e-02
-7.426623972858603651e-02
-2.313765815488988409e-02
8.906890293461211527e-02
-7.700803840842773695e-02
-8.472857686496970686e-02
-6.502197547763843843e-02
7.745820719406015797e-02
-7.780974593144796003e-02
-6.392569537644154920e-02
-9.766442436949240857e-04
-6.647803363831172874e-02
-6.452239979282081705e-02
-7.035744165705715147e-02
7.209603686766841157e-02
-1.856512232885076941e-03
-4.008944771581379740e-02
5.629564177990631357e-02
-2.638185772007073382e-02
-4.307880046075318603e-02
-2.102103622953332973e-02
-2.591333447434251980e-02
3.454998977102219371e-02
-5.797709629572711520e-02
-2.083902722892894133e-02
-7.089832005930496450e-03
5.046447758864469613e-02
-7.505675057993510535e-02
-6.817377857784423512e-02
-7.144678255548297940e-02
2.587267750142219214e-02
9.002325558050339183e-02
1.549153374134148997e-02
-5.651732097831541068e-03
2.350934789172476336e-02
-9.518247388178746604e-03
6.064830265738851978e-02
6.036212724500655824e-02
-7.135277424952590763e-02
1.341470846218140167e-02
