-1.347520746666468927e+00
1.983457193698701798e-02
1.079630566504781397e+00
1.400708475224319072e+00
2.138696347949494148e-01
-7.476605447354006673e-01
-3.502061922171853525e-01
-1.227503549129406846e+00
-9.597326117031773629e-01
-2.428836083274815150e-01
-8.861985865629681269e-01
-8.751878054332791201e-01
8.550352642839946782e-01
5.887991979075041238e-01
-1.407246907433088001e+00
4.301668328190120794e-01
1.761788675343655963e-01
5.988680175705683728e-02
-5.731892081611472678e-01
-1.991977732988004235e-01
1.302147996801819252e+00
-1.365538933005775002e+00
5.976303025257688473e-02
-1.730645527698531361e-01
7.822896303511279736e-01
-6.488628269036755825e-01
1.450345210566222898e-01
2.242709254722650425e-01
-8.540529884330454458e-01
8.246708396136244179e-01
4.893820565163681247e-01
1.780247929417648534e+00
-4.455190373141705851e-01
-9.093109254992196577e-01
1.327331558465559169e+00
1.316909763802812883e+00
-1.040596815891061677e+00
2.064323982387045842e+00
-3.498850158106574237e-02
-4.206014181431618759e-01
1.380387406748897261e+00
5.637780312364819579e-01
-7.727247083955128028e-03
-4.528435864627470830e-01
-6.357974748779121610e-02
-2.881032403470015213e-01
-1.064976334423004545e+00
-2.262960012161756573e-01
-4.621593087464453964e-01
1.418741764039926911e+00
