9.403282891248523900e-02
2.848933959159344886e-01
4.885397888082746443e-01
1.137952198956225791e-01
3.285636161858001003e-01
3.911506116236825870e-01
1.595691160801093467e-01
8.811166158967614903e-02
3.365058766725113060e-01
1.476548155647071869e+00
2.762185287162402525e-01
2.457205999534352661e-02
6.215562666892482380e-01
1.666197718909090408e-01
7.382719534841696296e-01
3.186037806093697244e-01
9.667599111755210972e-02
4.128818586154502368e-01
5.196678517061756875e-01
6.768124430822588522e-01
3.506744751176611719e-02
5.082730380206550436e-01
6.248126148044576000e-01
1.838305817902480543e-01
5.494100664459316587e-03
3.042357526173007365e-01
3.522783731818288078e-02
7.741085702679946223e-01
4.905398926515738833e-01
4.981065467419738546e-01
7.127981992902288066e-02
2.989669364262784179e-01
5.253917388902790142e-01
7.290768177560629226e-01
3.709665536370708450e-02
1.799454250954119483e-01
4.590207082017389029e-01
6.803728008751814584e-03
2.090014957213610081e-01
1.637782962289803523e-01
6.272596615227873929e-02
3.126813444780718876e-01
7.954965164092400731e-03
7.871115402754517987e-02
1.377093825259854687e-01
2.778563292598954515e-01
1.460705048375219306e-01
2.213454432891828749e-02
9.457598005177030309e-01
8.451773810822618693e-02
