3.063004040573004683e-01
-1.484410965476018196e-01
-2.645850263448261130e-01
4.927269074806830962e-01
3.984352493778471893e-01
-5.400548270533436779e-02
-6.368558497407789121e-02
-3.008848132064717573e-02
-2.594107337174643702e-01
4.935722105431541995e-01
-2.832066298792440540e-02
1.532585557482736283e-01
4.801453255073589443e-01
2.715887370847553384e-01
1.423315520519062849e-01
-1.257746484339481441e-01
1.621830523655144463e-01
-2.785323970324450338e-01
-1.135682645106737276e-01
1.824619761196498158e-01
2.640659417914040241e-01
6.302822242275618603e-02
1.400846651953702171e-01
-2.783755654961427295e-01
-2.460990569559093899e-01
1.721979826941479330e-01
-1.626270469697760346e-02
4.110613206268666775e-01
-1.998604319485035030e-01
-1.988104287624216093e-01
-3.833098432069403927e-02
2.180511890558472499e-01
-2.433054459992566865e-01
-7.809073400236865581e-02
-3.767569266257969618e-02
1.928600281704879182e-01
2.384451522309807836e-01
5.740981864968828230e-01
2.114581156138469198e-01
1.207163579510604490e-01
-2.659628346541274557e-01
1.899184433108899728e-01
6.001985735763443186e-02
-4.731191136587925561e-02
-1.976985793955960691e-01
-1.097960001025730936e-01
-7.038514725094530133e-02
-3.054939002656781311e-02
4.868404232293124800e-01
2.452699407818682009e-01
