-1.651635080334908356e-01
-2.266457754092226218e-01
-5.431634924804614739e-01
-1.229526657119536653e-01
-1.713065653622356313e-02
-2.909523712997991174e-01
-2.376539322021884726e-01
-3.177864470740145442e-01
-1.310962577993254052e-01
-3.870387086146857558e-01
-3.737635036342270567e-01
-5.321310351587210663e-01
-4.418358311186255660e-01
-2.537426827943210696e-03
-1.911373838867562180e-01
-1.445302906212797833e-01
-3.914944248577573865e-02
-8.829954447649376870e-02
-2.689307730534695393e-02
-1.384073501163013864e+00
-1.475073206505514989e-01
-9.565730232315486359e-02
-5.743516005167211870e-03
-1.222952834734221117e-01
-2.880856713058672636e-01
-1.080307417806263409e-01
-3.115712225770629271e-03
-1.229043430886010563e-01
-8.108214196300126408e-01
-7.227670833843300446e-01
-1.853463788250692967e-01
-7.601931993193330461e-01
-1.670773700970020204e-01
-1.213448639125207507e-01
-1.253570583652945936e-01
-2.245333765106924118e-01
-1.450801332719323933e-01
-7.723687151470794154e-02
-1.414963475011257743e-01
-2.333204082705287730e-01
-1.332909944216672249e-01
-1.937803496523694477e-02
-6.790750930452658929e-02
-3.262165732525387773e-01
-7.183388192018296849e-03
-1.446533083262705743e-01
-4.533072619981493023e-01
-3.079798633391641616e-01
-6.547008473693881336e-02
-2.609842229817408987e-01
