4.382210601371410164e-01
4.086146709527666565e-01
1.489509014527239383e+00
-1.623621838270529194e-01
8.970901396399582062e-01
3.197109360483911256e-01
2.775436667407370495e-01
6.157367397574408097e-01
1.338005460332280516e-01
-1.678666121604076578e-01
7.305766754064121349e-01
3.541441592023726326e-01
3.592189555734913720e-01
-2.069632077324312647e-02
5.403359742525523091e-01
5.318622619007790098e-01
8.843337045862236234e-01
9.568242745148259898e-01
-2.424082158240129514e-01
-4.523951722890262594e-02
1.248967785928417840e+00
3.045018010406533304e-01
-2.354234875569747309e-01
7.719595216611604416e-01
6.719798582945113452e-02
1.213104458182910905e+00
2.785595436845679229e-01
7.944957602133930763e-01
5.222606081551200985e-01
1.911332647524101036e-01
7.525467655289050928e-01
7.329506111318353501e-01
-3.940375830574316396e-01
3.729266884187734110e-01
7.333530931051104318e-01
1.077025818500957799e+00
6.548843576777980680e-01
-2.464947595696856952e-01
1.403615717032273280e-01
8.120656576239539959e-01
-2.020742772617624139e-01
2.545344047985350078e-01
5.751474869147124025e-01
3.790282352372993380e-01
8.577338452441464201e-01
8.437158991049313883e-01
2.129184157099125729e-01
4.827380589200255256e-01
1.056573311248610314e-01
5.415557618735894474e-01
