-1.253360810759557298e-01
-2.801534134583858471e-01
-6.894579412282386688e-01
-1.021585635915110979e-01
-1.861113611621574293e-01
-6.594208754809329776e-01
-5.183966951507270604e-01
-1.116148307659039496e-01
-4.335467250870716494e-01
-4.653250741638249588e-01
-1.713320517973803137e-01
-4.865358931555666677e-01
-5.058836623815299305e-01
-4.659011266610882940e-01
-1.953218767563394964e-01
-7.282970750956757611e-01
-6.401438920134110422e-01
-5.754637450470334592e-01
-5.812415022820671684e-01
-1.007147058158642805e-01
-4.814245844594167711e-01
-7.489672319429473424e-01
-5.257913057567382697e-01
-7.486875665610845942e-01
-5.948359310674907752e-01
-6.207434211630771248e-01
-7.307063519504966020e-01
-6.020244144754421933e-01
-3.142002299330002302e-01
-5.503182766439944640e-01
-4.922986752333159410e-01
-3.797978457661309593e-01
-5.776323684043254136e-01
-7.152616885462357299e-01
-8.323807488802176247e-01
-2.115608853242878507e-01
-5.606464854245072349e-01
-7.137519481302814217e-01
-7.780154123361325835e-01
-1.822297953960562156e-01
-3.316916627391756078e-01
-1.683477528186718697e-01
-7.398550985129632718e-01
-1.495614140351532173e-01
-5.316940679719708296e-01
-4.287893404526289531e-01
-5.284108685404464989e-01
-7.985501569738451266e-01
-1.790436114749374141e-01
-7.609634269120861827e-01
