4.186750328735210358e-01
2.890657709934256747e-01
3.531355284343655754e-01
-9.381323793310547554e-02
-4.328958089080364724e-01
-4.167599680298648135e-01
1.450074221064610036e-01
-3.526201428782461678e-01
-4.899125105700078420e-01
2.257749759466771700e-01
3.197405302500302415e-01
3.270951276925492257e-01
5.466409677121775168e-02
-3.719467154320843516e-01
-4.955362340415783162e-01
6.990860540452037419e-02
-4.708508056859312951e-01
-1.185197621470039930e-01
2.310164951052497972e-01
9.991704807577539427e-02
-4.570641191013451454e-01
-1.913553494654883780e-01
4.547064155630073934e-01
-1.320994979287060112e-01
-4.774065743699043018e-01
1.307426017604115254e-01
6.910212281362659859e-02
-8.688293849303707628e-02
2.413295978571923239e-01
-4.076064465785906865e-01
-2.952124841294950786e-01
-1.540068986553128072e-01
4.525078693431033861e-01
2.074768983906204456e-01
-2.304217401424619727e-01
-4.849405442354877138e-01
-1.797387167644894923e-01
6.253385009890988222e-02
-2.754525522033905993e-01
-2.614072566627703154e-01
-1.349048735150353284e-01
1.954678688869038172e-01
-3.727247435239678941e-01
1.707345012099450443e-01
1.858229048789763471e-01
2.178077035341807743e-02
5.235134188957890622e-02
-3.726688163886044958e-01
3.958729123014133044e-01
7.399231490762459007e-02
