1.714146657548524022e+00
5.728184408056710142e-01
3.812230568519895391e-01
8.204394821060880805e-01
3.434841597328883722e-01
1.129123621280737844e+00
7.841314170233617542e-01
1.610403925364656708e+00
1.421000491886945105e-01
2.218856032781132637e+00
9.402927207757876271e-01
3.858040103197321047e-01
1.111067112216598041e+00
1.709366027224197282e-01
2.037327058578933592e+00
1.030581349598498120e+00
1.202294723303541923e+00
9.525245448741916920e-01
1.708633079156398060e-01
9.767853863400632886e-01
2.773838394386260564e+00
6.157429837139294371e-01
4.341989465114607150e+00
9.774516565400906409e-02
1.189747151801544278e-01
2.825019175977909747e-01
4.292555140952404591e-02
2.066842998313856150e-01
8.990059067306716001e-01
4.757380644128244018e-01
2.373107690756310895e-01
2.646891209343122942e-01
4.456495162087159012e-01
8.610583248748866492e-01
4.974389228669233276e+00
7.117810582291653754e-01
6.070969726329223937e-01
7.308691670489708692e-01
1.842367238917971828e-01
1.049910177178098036e-01
5.429390219596884615e-01
2.273811293565992653e-01
3.918555691572971900e-01
2.076325901337924495e+00
6.470923882645926994e-01
1.485897530894752516e-01
2.461468041509029092e+00
1.632649054875024319e+00
2.204904336799542897e+00
4.068806660956013621e-01
