9.721497185646357231e-01
9.054966114796447751e-03
7.880285707957118690e-02
-2.089038409647459016e-01
2.268621133675931545e-01
7.450812691706540924e-01
6.520051805130626654e-01
3.352128949348073261e-01
7.352946904192325661e-02
5.442518127061536370e-01
6.142478418594171652e-02
6.470442997407643837e-01
-5.910597887861313016e-02
-4.731380526407957809e-02
1.111858960441937660e-01
1.074672769969968744e+00
3.696819254249710252e-01
2.380147422964870585e-01
2.388190149784479854e-01
1.181099956874093415e+00
5.337499808032992732e-01
1.445621732682311755e+00
-4.689139159687372160e-02
8.561346329388073162e-01
1.208867482055458797e+00
5.487983818007193815e-01
-2.337948240955611823e-01
7.453780480353605631e-01
9.041551231629650909e-01
7.569446915622244365e-01
7.560386179905441706e-01
1.151768610906813040e+00
3.318734005402924625e-01
9.815563339741746329e-01
8.078002612833026230e-01
7.564611462361822136e-01
5.837972496038534853e-01
4.981667145369694794e-02
8.600958164622779512e-01
2.516203840729535068e-01
1.133504452038498478e+00
-4.110141413336920735e-02
1.324328366169860716e-01
-1.196944812111955248e-01
5.533625377437491055e-01
1.851396672464625803e-01
2.146027047276483080e-01
3.848788229531774352e-02
6.066514919040665310e-01
1.420225540511305340e+00
