3.548350593863200952e-01
2.035810794286905256e-01
4.231204822778823482e-01
1.514234335584209168e-01
2.544949356102861326e-01
1.360875652098384458e-01
3.365104777227634347e-02
1.301280049557325125e-01
7.746023012528076013e-01
8.393849625860676511e-01
5.913929722268047584e-01
2.266680864923191763e-01
9.714103274825082179e-01
3.589260823730795469e-01
4.230607076528033472e-01
3.713051872001998932e-01
2.569549829674950825e-01
7.604372563327973511e-01
1.716974091350376153e-02
7.940066971792125727e-02
6.879358531732695514e-01
3.413838459537802406e-01
4.196692997685698145e-01
6.518663123204141430e-01
4.239303813507999674e-02
1.420919144688637115e-01
4.989499799102052879e-01
2.999664859405910544e-01
5.627660542720204218e-01
5.907112708715419602e-01
5.245490484001408271e-01
4.673875249534693577e-01
2.087559401976205598e-01
7.446754334362087890e-01
1.067413224737930877e-01
3.972031523780747975e-01
5.123434511523272672e-02
1.438310634225654638e-01
7.979054636746618634e-01
1.891679466419994293e-01
1.889208122443319926e-02
3.108419595720636197e-01
7.529098948495934751e-01
3.101239167153737597e-01
8.313648738821047823e-01
3.156839433282300211e-01
9.079812993843524582e-01
6.698752260774853973e-02
4.082168406634859581e-01
5.831962171586766441e-01
