-4.279255114350594691e-01
-5.921278045401655588e-01
-2.346717623405949193e-01
-5.578023663915185892e-01
-1.871306378070161369e-01
-1.411778237759933330e-01
-1.025039455973513203e+00
-5.694107328465401047e-02
-2.623047523749848058e-03
-8.059696353976143757e-02
-7.029133255862990426e-01
-6.108354109550229866e-02
-1.697330482190682610e-01
-2.909885757210771695e-01
-2.784971134600623399e-01
-3.051046329588587569e-01
-1.781239193650340225e-01
-6.689810870887912264e-01
-3.957616038197226960e-01
-3.188040232510039873e-01
-4.665899704801353964e-01
-3.039436329203311637e-01
-9.845435109666096363e-01
-3.754407415144829230e-01
-4.345325788002126627e-02
-3.972690198052292176e-02
-1.976823092435137375e-01
-8.536359261229343742e-01
-1.244166520481681526e-01
-8.115144908725790973e-02
-3.350339944437874529e-01
-1.800624943509034070e-01
-2.846895456359415655e-01
-2.436135885377255506e-01
-8.338033652220850911e-01
-1.036211401455954112e-01
-3.447263169510713082e-03
-4.652242505293260333e-01
-1.988475974777411878e-02
-2.033593268868128245e-01
-2.157579472150928171e-02
-3.920474587046621773e-01
-2.840062478001621482e-01
-3.364504514734648066e-01
-1.845818346314190561e-01
-4.257892857363615967e-03
-6.133616246093002468e-03
-1.992651561716670544e-02
-3.066274261735312257e-01
-2.096019346057013955e-01
