-6.345724188410456490e-02
-3.352099765295578626e-01
1.909912089407380109e-01
-3.545507320228051817e-01
-1.263037644967637485e+00
1.742284542033865291e+00
2.527424848388172052e+00
-3.011668551315269671e+00
2.139913114129378680e-01
-6.784668898842185492e-01
9.123748576823991208e-01
-2.316287437095310597e+00
1.124799026255706602e+00
-2.807158243379245910e+00
-7.921420967449605000e-01
-1.680740216339357440e+00
4.529161379897204687e-01
3.466713216704922496e-01
-9.621931514595647439e-01
2.891131269320697417e+00
1.521094419291156297e-01
-1.350167518538190503e+00
-2.216308848945143684e+00
3.013548184585628786e-01
-2.546990557792607746e-01
4.397662420011771989e-02
-2.437287099815122371e+00
-5.056971865035781999e-01
-3.459070302087047022e+00
-4.292897967491769995e-01
-6.352189819179385744e-01
-7.896735087304261880e-01
8.376263892692366042e-01
-1.417159403753491809e+00
1.711579653519457733e-01
-1.685316656778777844e+00
2.442917428011135983e-01
-7.736523205748564447e-01
-1.515829510167215899e-02
-1.946398843387330935e+00
1.156356997967620925e+00
-4.935738909064940616e-01
-5.582904830164042709e-01
-8.088806473428580834e-02
2.278711991773827994e-01
-9.904754704390394959e-01
1.646282256539901012e-01
-3.413381008198154154e-01
-4.924320887409305847e-02
6.826984988093787177e-01
