4.541599127515678624e-01
6.104435257650142610e-02
3.734559473688099374e-01
-1.571947507461455285e-01
2.880294034910277912e-01
-7.768690432898356368e-01
8.546916203654131294e-02
-9.881433994723742842e-03
-8.521544066221828917e-01
-8.010196102283599906e-01
4.435650381264375497e-01
-4.806953883978466457e-01
-3.017643113606794936e-01
-7.623286264502021625e-01
-5.948731627455645654e-01
-3.267233748915192582e-01
-5.846956808942125328e-01
-1.595406051966170580e-01
-9.608489008329575976e-01
-4.363866580168154208e-01
-5.527802263938621508e-01
-9.237890330946703088e-01
-5.369080040925635622e-01
-2.032033012112151038e-01
-6.854109897523501527e-01
-8.523493581155336951e-01
-5.376843345832271748e-01
-3.569091134271327181e-01
1.451688300437408152e-01
2.094798967760094222e-01
2.353454207497882589e-01
3.967287899027529541e-01
-4.547170081989742041e-01
-9.349937365413298895e-01
-8.063945346882872567e-01
-1.044081798212748158e-01
2.382859785131112851e-01
-3.987290738714655003e-01
-6.828928273389878179e-03
-8.426145951273803503e-01
3.352524380258237180e-02
-5.567039185646642796e-01
-5.290404679907052543e-01
2.646952350941882415e-01
4.433853605790236685e-01
-9.966549542256254446e-01
-4.195068896950373549e-01
-7.196481148907118985e-01
-4.889298575890910215e-02
4.584326142327546094e-01
