-1.365938003243087007e+00
3.464878305158725080e-02
-1.244189881888185800e-01
-1.355986728566662691e+00
-8.018720236964264059e-01
-6.709475080444289308e-01
-7.154047654473046913e-01
-6.260577717378901230e-01
-9.618524895732014635e-01
-7.635110599960450717e-01
-7.468839177250958805e-01
-5.445165533343676589e-02
-9.253191966003826430e-02
-1.244336244927921387e+00
-1.137422833535501887e+00
-6.451429269355823948e-02
-8.446870803328454524e-01
-1.666534478573137967e+00
4.611896576369425294e-01
-1.156331145303338248e+00
-1.093605437396196756e-01
-6.529275490417325578e-01
-9.362014101235067720e-01
-1.386966942434756156e+00
-7.948197312296820805e-01
-6.458606538928259866e-01
-8.030737144838310249e-01
-1.005404237770638698e+00
-1.061208295315242189e+00
-5.304130509804935167e-01
-4.077613075786870045e-01
-1.005006086392221221e+00
-1.052851155546903783e+00
-1.219030104873895404e+00
-1.414755078494069895e+00
-8.263775262876477123e-01
-5.261197141096287666e-01
2.755738976137142027e-01
-1.181499615220072297e+00
-3.940015981847751481e-01
-6.035506793866551867e-02
-2.761482566006774886e-01
-1.977559039008482511e+00
-1.067012324276958246e+00
-8.145153346898973412e-01
-1.797767038508691684e+00
-6.464580708368269368e-01
-7.651079434688202729e-01
-6.812162158625003627e-01
-7.356233389878976681e-01
