1.509844121111114101e-01
5.874383022892065709e-02
4.294003721739828028e-01
-1.234080730026632516e-01
2.959903135181213840e-01
-1.759914383483033584e-01
-1.051964856998228448e-01
1.488595389485542764e-01
-1.577041856332458969e-01
-3.262165068003592960e-01
3.096280338165978141e-01
-7.934416181445763661e-02
-7.582058260382804060e-02
-2.463466598717514444e-01
1.355399717829534889e-01
-1.529618215914710366e-01
1.076112944123107096e-01
1.710919584654475578e-01
-4.045195941696861919e-01
-7.184644214413812846e-02
3.494047980540295750e-01
-2.720916295715864464e-01
-3.620404658605041459e-01
-3.826175881326049355e-02
-2.605106703218670883e-01
2.251771175582800710e-01
-2.630417649326741714e-01
3.222597299873186660e-02
7.381614822215945559e-02
-1.820290871919517106e-01
1.186081925739685405e-01
1.346669090475074715e-01
-4.728038989934427727e-01
-2.226191123924544102e-01
-5.829322188909569213e-02
3.063677766894662979e-01
3.562234241536182955e-02
-4.855574099461913429e-01
-3.319533779805751705e-01
2.166461167870844251e-01
-2.712807983738273476e-01
3.022468698479623128e-02
-1.517168173113815077e-01
1.097061451257666936e-01
1.529906077903151473e-01
1.153451185844472371e-01
-1.557036860121188138e-01
-1.857926905847678001e-01
-4.984861518770254685e-02
-9.880111524669510370e-02
