-1.488168497045165184e+00
-2.554430743110448487e-01
-7.764172593965040087e-03
1.526621660358273569e-01
1.377817442002766457e+00
1.598300714253877708e-01
-4.117146653090936192e-01
2.084443547426585219e+00
3.143100726444063020e-01
-1.521389632340010289e-01
-1.054147404702401980e+00
1.190285905370607855e+00
8.049084596093615193e-03
-8.021848175136034875e-01
1.840918388607804212e+00
7.441723871121557199e-01
-1.275694972424387785e+00
-8.180971130421498261e-01
-5.615132565316525159e-01
-1.922525258263797221e-01
-4.413204361506673501e-01
8.836681084425973554e-01
1.223098481350920697e+00
-7.878358665448257359e-01
1.001799576284621018e+00
6.360653699777769621e-01
-1.716581048051965874e+00
5.291841963531138671e-01
-5.168795510302339746e-01
-3.557997819561026231e-01
3.377136284163974600e-01
7.861987512545097478e-02
-1.678235022459348968e+00
-1.755775192702232701e+00
7.914315746071336477e-01
-4.064405008873420710e-01
-3.667555348938156268e-01
-3.410573782708882229e-01
-4.154377650041593539e-02
6.858922534713477459e-01
1.774262213586259351e+00
4.268613276020021274e-01
1.687784862321009882e+00
9.726919062083821954e-01
9.966923365096093113e-01
-1.389944142999536558e-01
-1.681503145022246848e+00
9.929511353238522353e-02
1.972649977239369634e-01
1.169066835147061445e+00
