4.821751326593594067e-01
7.288513537838542389e-02
1.995871948119542494e-01
2.087330085011553371e-01
6.679546814696935009e-01
1.366494897763115279e-01
1.050779466875811252e+00
9.768392141318584312e-03
5.073897816790724075e-02
1.252392380145969375e-01
2.175992206657653139e-01
1.051323970193366805e-02
1.347829976190057233e-01
6.773676625463036505e-01
2.298601980153047175e-01
1.880728834925870230e-01
7.617240144254830980e-01
3.210963480704525086e-01
1.075896098289315317e+00
1.238447802280531473e-01
1.117717330217149474e+00
1.251809762864867781e-01
3.552172791555033848e-01
2.228368708508102897e-02
4.164629275000103492e-01
1.114471075335274342e-01
3.721544638381165671e-01
8.402286769142761624e-01
5.047827786571092989e-01
3.066842454414374086e-01
9.399023772994365977e-01
1.915053026366224931e-01
3.306593892131688001e-02
8.676755507684271729e-01
2.780652541697709590e-01
1.182571015114347313e-01
1.239163196903615705e-01
9.458008948923807280e-02
5.536492439543994060e-01
5.014650336030058719e-01
2.442907679558427303e-01
2.171405298341764767e-01
2.030679848331883378e-02
7.511311478841520284e-02
5.181978316441471916e-02
7.340876570294148085e-01
2.935305411512703078e-01
3.490207614778280676e-01
9.741888889584779387e-02
6.010208384975701534e-01
