3.295223192178171057e-01
-1.577352902199180562e-01
4.897436217969948768e-01
3.547109850431561795e-01
-2.019022853210540869e-01
1.761161712425203807e-01
1.377896870252852679e-01
5.896948990275350244e-01
6.786324602684806750e-02
-2.367060584576391458e-02
5.164873002821257497e-01
1.986123954692460281e-01
-1.684862156369558162e-01
5.812821028907129151e-01
1.096673438296416059e-01
-1.021617087309527050e-01
3.013783252644049448e-01
4.165902250602771528e-01
5.175139151264276371e-01
-5.610508481182757690e-02
-1.080116942737966990e-01
5.407894257037351160e-01
4.093560634526060560e-01
2.567340745364793952e-01
5.756738100862364149e-01
-2.410973895212291662e-01
1.981681604360693294e-01
5.304686193578000974e-01
4.806294413487435802e-01
1.816550143160394759e-01
-2.631110466055381902e-01
-1.701539784930651278e-01
-2.228990630292032593e-01
-2.991436671532215485e-01
-5.156144288024411271e-03
-2.056233340878006466e-01
-2.744450577548640524e-02
-1.854390841911310595e-01
7.475164635367897992e-02
7.043634823054190086e-02
-1.766097770726252347e-01
-2.437273578060802082e-01
4.075994910124851045e-01
5.618406874376857818e-01
-2.661707854402106666e-02
7.115639135019391492e-02
2.310348952656574029e-01
1.085239090927382355e-01
-8.301355560071849160e-02
1.583622033189431844e-01
