-8.097748754115714764e-02
-3.966576528125426854e-02
-6.745858384311794742e-01
-3.559596971749765526e-01
-2.031440898024599873e-01
-1.890117597080301012e-02
-4.062788801600796806e-01
-2.115483730219160346e-03
-2.723923221030671304e-01
-4.116144310904780723e-01
-2.014743589443196148e-01
-1.221239619626124234e-01
-9.040394297991090344e-03
-3.871149210888680803e-01
-6.609921165025879342e-01
-1.028021905993319607e-01
-8.212908872065415311e-01
-9.286051647055093561e-03
-7.119615279863140619e-03
-6.544733961092928931e-01
-3.962507828828576439e-01
-4.588669063043623875e-02
-2.126381572954396393e-01
-1.301991384398397400e-01
-5.886594884044337173e-01
-4.026117874079157555e-02
-1.949979327712517974e-01
-5.156142011395388192e-01
-1.325954656623756223e-01
-1.749776526451704284e-01
-5.663641922452711253e-01
-1.770283670420499389e-01
-3.333804538832912945e-01
-6.065006817180639519e-03
-2.950766200191429767e-01
-1.954677544928128813e-02
-1.210910770702310589e-02
-4.297598256596519839e-01
-1.284212621807402088e-01
-1.133061055811174500e-01
-3.582833564275350602e-01
-1.204174019437601467e-01
-1.990345360997309021e-01
-7.999054651291410967e-02
-4.221657221934828064e-01
-1.910778872116727645e-01
-5.422708477624921253e-01
-1.245931606277345810e-01
-1.669589110776419430e-02
-1.005135645325624605e+00
