3.393806687497813446e-01
6.631276832836212609e-01
-2.439566866086995134e-02
7.442014763890261175e-01
1.929923085378801306e-01
2.221201092053684267e-01
2.961171027998288352e-01
1.803401040900320662e-01
1.727846984439853628e-01
8.254553295874699215e-01
4.957056453878372348e-01
-1.839060577073295955e-01
-1.800824305848039986e-01
2.465562204801796664e-01
8.576198479389612883e-01
9.421036162354635701e-01
-1.792833641563587044e-01
9.221364924039319177e-01
4.583101040862515574e-01
-1.920707499315873479e-01
7.819482461534682516e-01
3.752232156363254911e-01
9.186122015566448029e-01
6.095086130923055290e-02
6.058060453243626631e-01
-6.631341815495062075e-02
5.078140865991453978e-01
1.178519325751831825e+00
2.966764088039915426e-01
7.782891045052136025e-01
6.391205019741527105e-01
1.550205391072503880e-01
5.745565971917239168e-01
8.423792707789348189e-01
-3.597322815792712847e-01
1.591630965080781390e+00
-2.802784466576742073e-01
3.194739444562091912e-01
7.230846289210988154e-01
4.269642375283119184e-01
6.715249281662059033e-01
-1.998909416377084858e-01
2.127032943549542754e-01
1.033584065235142013e+00
4.432336223768286176e-01
1.647129808139248530e-01
7.509512990898795648e-01
-2.391439001257641417e-01
1.758069881363143738e-01
8.563501689097159364e-01
