-1.554720994213335539e-01
-2.721604197486117149e-01
-5.282334321876783756e-01
-8.112434604225061685e-01
-1.536802398933603264e-01
-1.080243975842182236e-01
-7.357848563226316863e-01
-3.371862677280828002e-01
-1.568527322792099277e-01
-7.521165531828383211e-01
-7.031601666902423942e-01
-8.018774725499870915e-01
-8.086093866673592645e-01
-4.380222325291414087e-01
-4.567508960814722907e-01
-8.021273427209256734e-01
-5.167984750533975991e-01
-8.448835653609076957e-01
-4.260899615438711874e-01
-6.643973812313436200e-01
-5.421699315666144159e-01
-2.143417568860251921e-01
-3.305521155143044121e-01
-1.743682169628321121e-01
-7.510857734789624374e-01
-7.108466347926037932e-01
-5.878458913437463185e-01
-2.412317847558509420e-01
-6.863072791391243710e-01
-1.045409696346475403e-01
-1.509356284653061708e-01
-8.632093248273134956e-01
-2.530852344209730820e-01
-2.177414259655968687e-01
-3.464738698022340468e-01
-3.463025027061301664e-01
-2.866493050278535737e-01
-5.150139429786704248e-01
-7.621086458788932649e-01
-1.378834045331368552e-01
-4.697157950986982078e-01
-3.026590413589846928e-01
-2.675097746307053548e-01
-3.377257622356143463e-01
-8.562822665494581598e-01
-2.439662424698133547e-01
-1.082078218385237323e-01
-2.627808163377473027e-01
-7.700791407163556368e-01
-6.664724426313816119e-01
