1.042094558417144823e-01
-3.350421707753822309e-01
7.964131461545520541e-02
-2.901382507237670882e-01
1.495607187224934354e-02
4.714706496844899286e-01
2.052767960127753755e-01
3.882336777370151149e-01
6.952525773273865450e-02
-1.961413761798825872e-01
1.001107106690770632e-01
2.411797020397349334e-01
-2.193956563805269377e-01
-1.626145698010006413e-02
1.890520008543601360e-01
2.298951754884327459e-01
-1.069726083480789791e-01
-2.093101644491712765e-01
2.753621308440885596e-01
2.163194297921781084e-01
1.659589665608747211e-01
4.875053271809932642e-01
3.584885909631920775e-01
3.740893040511400480e-01
-1.389890576520698140e-01
-4.213354626235092937e-01
-3.668749992656513692e-01
2.226213619924540810e-01
-4.058333163690249767e-01
-1.538016750111146358e-01
-7.391124638491342047e-03
-4.001310952287207012e-02
-2.125746337595094682e-01
1.263862429031000767e-01
1.090707027526461870e-01
4.211035917532113260e-02
1.494907100797054911e-01
3.602083918330224455e-01
-9.674228690117792073e-02
-4.535088508340323621e-02
-1.029884983338068549e-01
-3.533334208271385890e-01
-1.738778548972318427e-01
1.638444517993374872e-01
1.308703619511855099e-01
2.776793644137519612e-01
-4.456418139156247404e-01
-2.277259908289742674e-01
-3.315383897281193315e-01
-1.261143390949646115e-01
