2.571843636003432465e+00
2.729592055572757303e+00
6.219161848340284404e-01
3.955603093134450049e-02
8.087783095932289390e-01
1.847514339683350881e+00
1.207579735851838226e-01
4.970984144571699015e-01
1.505360850703823195e+00
1.940194335206505194e+00
6.760494870930112699e-01
8.833734616464258282e-01
9.395609660678049257e-01
9.577514180640628316e-01
1.718895065088507090e-01
6.198358304208368974e-01
1.278213866903701090e+00
2.679811809834490521e+00
1.811795519943717458e-01
2.267539333249888323e+00
5.956030707097138555e-01
1.377102034047470169e-01
1.007994552613876271e+00
2.867979648304537665e+00
1.541313256830356915e+00
1.434587400930237511e+00
2.519389218204016734e-01
1.195304685693185487e+00
1.870930279324939383e-01
2.196864245969885610e-01
2.025381989636748647e-01
2.321044959147998910e+00
9.210426378945706372e-01
1.087948738216860251e-01
2.811383420574929293e+00
1.121452202862251779e+00
8.194834661963293354e-02
1.147806645216939758e+00
1.229730820335597885e+00
2.613433464540436679e-01
1.732718972750066366e-01
1.156311251734004841e+00
1.960558711417783040e-01
3.568199791321912673e-01
2.221827832797758362e-01
2.113844537924601252e-01
2.454251787644778915e+00
4.345392935833296000e-01
4.127918819466611211e+00
2.869434044315160581e-01
