7.863880203151987214e-01
7.211940421525659950e-01
1.178446582969400414e+00
3.810782863666632436e-01
8.481276598010717427e-02
-3.296061483162063821e-01
1.567579429660830304e+00
1.851455510324551135e-01
6.627681872614062941e-01
6.189292887095526607e-01
1.135557015344945686e-01
8.953451734064670209e-01
5.996036842175201942e-01
5.765027230671777581e-01
1.549707564675781413e+00
2.602279158436998641e-01
1.137318080310443680e+00
8.814577835277208617e-01
5.327449998695622524e-01
2.616332082474691623e-01
2.803438619605373994e-01
9.186614706011331233e-02
8.878685404713280160e-01
4.818022297151506317e-01
4.511098194638990533e-01
-5.898349707334138436e-02
5.650858768083887318e-01
1.956728780086774422e-01
-7.293258150479822177e-01
7.463614775144669089e-01
7.942315652346256805e-01
1.093347450039519719e+00
9.459268442426906898e-01
7.704561618800012113e-01
1.421785468357669391e+00
5.340163736753050783e-01
1.353524061554945312e+00
7.877884830326071786e-01
3.208211099893314433e-01
1.425936675855938307e-01
-3.512113341798461796e-01
1.152336099573621153e+00
4.569691631750005811e-01
2.277394353286045781e-01
6.548811672242241810e-01
3.971303128527273185e-01
3.252212572732513518e-01
2.585471863673095561e-01
4.063331202198076086e-01
4.200720994669742137e-01
