7.560247751213019507e-01
5.370201309894523378e-01
5.587771796908663768e-01
9.650137298057737123e-01
3.069926431326541749e-02
5.305533970899156682e-02
5.857023562615852885e-01
8.886306758479514123e-01
4.528608643886672391e-01
5.742841028147228633e-01
8.083831621307580040e-01
1.343501389384001987e-01
1.126026988143312701e-01
4.472284228945226925e-01
1.333511793213675301e-01
8.327168925586855286e-01
1.792756728684923306e-01
2.545505053051522193e-02
9.550800994764269136e-01
2.227666646806880646e-01
5.180114882683560795e-01
6.418951470977216633e-01
9.157539623670094553e-01
6.161334194769263473e-01
6.349343538758515093e-01
9.842598649552048995e-01
3.326842945799345364e-01
3.477808117716437719e-01
6.311372287663836733e-01
1.330979061287402843e-01
3.842442340773525311e-01
9.243503616543004009e-01
5.367039191203537563e-01
9.346238816616884160e-01
5.076328743560043488e-02
9.018660917512067998e-01
6.575272549559254553e-01
3.827729216449615723e-01
6.445266728866471118e-01
7.540617569038107204e-01
7.955267887489381184e-01
3.006084969443612032e-02
7.122808944407221787e-01
9.229262429032845105e-01
5.536119878527364646e-01
5.548509970090559351e-01
5.890200199739529241e-01
5.379338866798673013e-01
9.758925366315694960e-01
7.419184023975016196e-01
