-3.646590119320775591e-01
-1.843256475127947325e-01
-2.451281112967313158e-01
-1.220263786274619761e-01
-1.159785585424047277e-01
-3.180483473397892613e-01
-4.590179212691597455e-02
-4.521273368205047660e-01
-8.889757704816951545e-02
-2.656676412132185638e-01
-2.064411852495528221e-01
-9.725912740674763635e-01
-5.911681931882327608e-04
-1.069286172288682751e-01
-5.610247123751849196e-01
-2.539782896889192232e-02
-5.009829001642494145e-02
-3.605765350396575308e-01
-5.147161893368530361e-01
-1.309075655462253462e-01
-1.909627496115043621e-01
-1.692208239950821480e-01
-3.848321905863068548e-01
-1.551156201939450086e-01
-2.587618089870218907e-01
-3.840491816780709777e-02
-2.967762789494998166e-01
-4.414658733328200718e-02
-1.265836494290163705e-01
-1.399867585242061674e-01
-8.766373166552066110e-02
-7.798435947948078040e-01
-3.527591746646079884e-01
-1.918228963951924548e-01
-1.549211770752054462e-01
-2.827679142242436328e-01
-2.089631074551513701e-02
-3.191220281261882286e-01
-1.928629968956485641e-02
-1.466991085466042566e-01
-4.098431959191031204e-01
-2.215404772184033366e-01
-1.254943343332939054e-01
-1.659219693727819467e-01
-2.917400556082515584e-01
-4.224284285914416959e-01
-8.815999266002351453e-02
-5.227824917135088373e-02
-3.263701015747499934e-01
-8.123960373794479606e-02
