-1.699939656449503511e+00
4.194446574554328566e-01
8.170875303342435281e-01
2.243071446738914010e-01
6.853309386323607200e-01
4.197589104523724024e-01
-7.443548689461725321e-01
5.072143592477618146e-01
3.141843362819217056e+00
1.386911781431206636e+00
1.751186211018325722e-01
-6.377775065365267615e-01
1.085697162097253310e-01
-1.073599205557616454e+00
-4.184368134845113940e-01
-1.615444277014726149e+00
-4.556339062286620667e-01
2.180673260087015453e-01
7.294651100046294356e-01
-9.273924361222329882e-01
-2.021730516370664754e-01
1.007416525491756087e-01
3.642734139732722309e-01
-3.962881403601828945e-01
5.170271419767702437e-02
-4.338311219153065390e-01
-5.905621090357867642e-01
-4.065573164953857899e-01
-1.013234165663777775e-01
-1.887131162093773407e+00
8.828168841893488938e-01
-1.614467427047406201e+00
-6.491040675345440825e-01
-3.660721076612790115e-01
1.182309438049888417e+00
-7.423481806331839739e-01
7.453782572732642331e-02
8.128492406879663790e-01
1.520707849929090472e-01
-9.313114974256844758e-02
-1.028822565526897659e+00
-1.303954410067298841e+00
-1.031449780260634275e-01
-1.284948048739548376e+00
-2.384536025547984828e+00
-1.963250662427767912e-02
1.680603656884072761e+00
7.408141667117262852e-01
5.306700854124644096e-01
7.993611521388708230e-01
