-5.883104986223679500e-01
-5.301060141395224079e-01
-3.206987984770141020e-01
-9.094083944255699770e-01
-2.487173133424189775e-01
-7.107478603940048378e-01
-8.991847440325114738e-01
-3.034021941985518556e-01
-2.322518844240704095e-01
4.441364482931886570e-01
-7.476117819964021027e-01
3.270509572380881913e-01
-5.542171629572741898e-01
3.186200505511773695e-01
-4.096384435845078498e-01
-6.860854747420259692e-01
2.163179696210255631e-01
3.056832574658598922e-01
4.628487750978691473e-01
-4.268538802308858848e-01
-5.156978307593265143e-01
2.639896137134631893e-01
-5.026387880372705785e-01
-1.021574315432771662e-02
-6.281801178893071658e-01
-7.728423766104097759e-02
-3.697976042652724171e-01
-9.850449473210312057e-01
3.579535308241039715e-01
-3.599257572941464423e-01
-8.232646310962785652e-01
4.113325228800324140e-01
-2.507356883281877113e-01
8.085837291259245774e-02
-9.965248286446136694e-01
-9.045986169387306708e-01
-9.799793440732287308e-01
-3.280948207871103861e-02
4.711373593560796991e-01
-5.500223291666572756e-02
-1.351541170122037006e-01
-2.184214377118358641e-01
3.691144171016436104e-02
2.885462625793264735e-01
-1.164335967997786048e-01
-2.854917934936007651e-01
2.283627001498831355e-01
4.291174099944594644e-02
-9.933139981525835882e-01
3.687816914834589621e-01
