-6.013620104679264777e-01
-4.535500286620819943e-01
-1.868268741663946519e-01
2.643674443495288573e-01
-7.345203870796794821e-01
-3.123595715460594224e-01
-1.329631695541042546e-01
-5.897572416440535203e-01
-7.210096892138389002e-01
-4.700056971537084349e-01
-1.184457412998975556e+00
-9.584807816884683973e-01
-1.128771925027328482e+00
-8.635917130907218020e-01
-1.270322515918883122e+00
-1.936881698701881094e-01
-6.760255716497460821e-01
-1.578208914856571221e+00
-1.062581232611016002e+00
-1.432620074619807227e+00
4.347168787601209949e-01
-2.895916853800031276e-01
-5.093186960533173657e-01
-3.000298203409763609e-01
-7.674483748733916810e-01
-3.677302291321263294e-01
-4.713748135097710068e-01
-8.837532158887151379e-01
-1.608608294400648786e+00
-1.460249234925197204e+00
-9.099024515157607684e-01
-1.168051801080591812e-01
1.063006143593725472e-02
-1.161185265535620736e+00
-1.036387662271094801e+00
-8.624383200034103636e-01
1.185112260497757086e-01
-5.887025509919184829e-01
-9.777773511375857929e-01
-1.051334475618633357e+00
-4.009193674088257220e-01
-2.243250179649952103e-01
-1.199847316490653570e+00
2.464250928716306133e-01
-3.439764131937230185e-01
-1.345492056164094841e+00
-5.708231779229613334e-01
-3.294187154917842530e-01
-8.702998954941294496e-01
-9.388350495654020911e-01
