-3.155820022537483838e-02
4.687298616778497878e-02
2.956940475428882290e-02
5.960462493168709741e-02
2.978296171782950780e-03
-2.349194775075312894e-02
4.986043509856591394e-02
1.247802332863604674e-02
-1.506280370961386641e-03
2.792471025248019489e-02
-7.344334870280808114e-02
2.495033755755167448e-02
-1.690702587934568568e-02
1.909556145025847682e-02
2.728124186326909284e-02
-1.754966346124755272e-01
3.154670297048091376e-02
4.596377129727260979e-02
3.604445341746777276e-02
-3.256653417176613025e-02
-5.268815507629846101e-02
7.792652853800293225e-03
6.425478993560466978e-02
-4.812708453050883878e-03
-1.014821806756530526e-01
2.067497500061290031e-02
-3.576918759918525093e-02
1.234160827245906478e-01
2.231796233153968134e-02
1.906937419360294622e-02
3.749376819616945244e-02
2.079167346943118500e-02
4.483982248742738458e-02
-3.676851318356058607e-03
-2.944788537510116544e-03
4.289150975389911108e-02
1.714482659650983648e-02
-4.911803006319650708e-03
1.689071504046238750e-02
1.302094075335690979e-02
8.862307265943043799e-02
1.808755316527202450e-03
-4.838029743573063132e-03
2.041411362116494696e-02
-9.484144407178633773e-02
-5.535922995117611989e-03
-6.770894950777640864e-02
3.782227670987212392e-03
7.777260166972142959e-03
-1.018079952447637285e-02
