-3.157471058355982851e-01
1.581211068112723661e-01
-2.879444852326213528e-02
-2.556937064374575908e-02
-6.815420402365338082e-02
3.882066954937679615e-02
-1.381214335990988418e-01
-1.132419575762942943e-01
2.560911333980173676e-01
1.509107510506843552e-02
5.185631562359169777e-01
-2.653447070359555848e-01
-4.351152871065773753e-01
8.630210273871369298e-02
-7.900641398144447880e-02
1.873199171193775103e-01
-1.055740764210257310e-01
-4.111705733757961001e-01
-6.407046983293307463e-02
-3.228969919920855469e-01
2.020013187803735843e-01
-1.832025888253568935e-04
-1.475793824026090384e-01
3.843658602814585823e-01
5.078390891660872208e-03
-1.645305934906409473e-01
-4.233777951153570029e-01
5.327827002220825170e-02
-1.290967199685325029e-02
-4.096936070313435541e-01
1.068798593717413259e-01
-8.090992410319280959e-02
-2.334674179736484501e-03
-2.976610446195965820e-01
-3.418850673061766265e-01
-2.892430984571925934e-01
-1.256501878255972260e-01
-2.902360537691084375e-01
-1.891979393562079337e-01
1.676736837545840242e-01
1.601496720795967110e-01
-3.652833013072246948e-01
1.430890758841404375e-01
-2.363313281728015580e-01
-4.147720137939782115e-01
1.326158380972262685e-01
-4.473472890960306092e-01
2.473856217103843069e-01
3.011942672978944191e-02
-3.333552421515159625e-02
